source	target	x1	y1	z1	x2	y2	z2	NodeId	x	y	z
300:SER	488:ASN	27.739	54.655	33.649	33.227	51.905	30.902	300:SER	27.739	54.655	33.649
301:ILE	305:ILE	25.391	51.724	32.971	21.168	47.055	30.945	301:ILE	25.391	51.724	32.971
301:ILE	306:LEU	25.391	51.724	32.971	19.785	48.265	34.28	302:PRO	22.995	52.351	30.025
301:ILE	446:ARG	25.391	51.724	32.971	26.351	43.93	32.924	303:HIS	19.211	52.383	30.504
302:PRO	305:ILE	22.995	52.351	30.025	21.168	47.055	30.945	304:LEU	18.423	48.929	29.102
302:PRO	484:TYR	22.995	52.351	30.025	28.383	50.336	27.74	305:ILE	21.168	47.055	30.945
304:LEU	307:GLU	18.423	48.929	29.102	16.348	46.889	33.368	306:LEU	19.785	48.265	34.28
304:LEU	308:LEU	18.423	48.929	29.102	17.608	43.456	32.299	307:GLU	16.348	46.889	33.368
304:LEU	365:PHE	18.423	48.929	29.102	10.384	41.758	26.797	308:LEU	17.608	43.456	32.299
304:LEU	476:GLN	18.423	48.929	29.102	18.629	47.327	21.139	309:LEU	19.978	43.548	35.275
304:LEU	477:VAL	18.423	48.929	29.102	20.66	45.164	23.521	310:LYS	16.917	43.464	37.57
304:LEU	480:ALA	18.423	48.929	29.102	23.296	49.097	24.65	311:CYS	15.529	40.259	36.007
305:ILE	309:LEU	21.168	47.055	30.945	19.978	43.548	35.275	312:GLU	18.491	38.318	37.422
305:ILE	446:ARG	21.168	47.055	30.945	26.351	43.93	32.924	313:PRO	17.21	35.723	39.886
305:ILE	450:CYS	21.168	47.055	30.945	23.475	41.446	27.548	314:ASP	18.338	35.586	43.495
305:ILE	480:ALA	21.168	47.055	30.945	23.296	49.097	24.65	315:GLU	21.573	33.693	43.033
305:ILE	484:TYR	21.168	47.055	30.945	28.383	50.336	27.74	316:PRO	21.873	32.698	46.726
306:LEU	309:LEU	19.785	48.265	34.28	19.978	43.548	35.275	317:GLN	18.236	31.61	46.819
306:LEU	310:LYS	19.785	48.265	34.28	16.917	43.464	37.57	318:VAL	18.477	29.344	43.78
307:GLU	310:LYS	16.348	46.889	33.368	16.917	43.464	37.57	319:GLN	21.387	27.357	45.251
307:GLU	364:ILE	16.348	46.889	33.368	11.453	42.268	30.413	320:ALA	19.502	26.628	48.467
308:LEU	359:TRP	17.608	43.456	32.299	13.89	33.708	34.436	321:LYS	16.449	25.525	46.469
308:LEU	364:ILE	17.608	43.456	32.299	11.453	42.268	30.413	322:ILE	18.182	23.258	43.957
308:LEU	453:PHE	17.608	43.456	32.299	19.48	38.389	25.833	323:MET	20.281	21.833	46.757
309:LEU	312:GLU	19.978	43.548	35.275	18.491	38.318	37.422	324:ALA	17.09	21.382	48.745
309:LEU	445:GLN	19.978	43.548	35.275	27.477	41.005	35.089	325:TYR	15.374	19.493	45.873
309:LEU	446:ARG	19.978	43.548	35.275	26.351	43.93	32.924	326:LEU	18.296	17.11	45.352
309:LEU	449:VAL	19.978	43.548	35.275	22.951	39.795	30.961	327:GLN	18.023	16.131	49.016
311:CYS	359:TRP	15.529	40.259	36.007	13.89	33.708	34.436	328:GLN	14.226	15.99	49.172
311:CYS	363:SER	15.529	40.259	36.007	11.698	38.882	32.074	329:GLU	14.361	13.803	46.064
311:CYS	364:ILE	15.529	40.259	36.007	11.453	42.268	30.413	330:GLN	16.793	11.474	47.868
312:GLU	359:TRP	18.491	38.318	37.422	13.89	33.708	34.436	331:ALA	14.275	9.32	49.753
312:GLU	445:GLN	18.491	38.318	37.422	27.477	41.005	35.089	332:ASN	13.322	6.1	47.967
312:GLU	449:VAL	18.491	38.318	37.422	22.951	39.795	30.961	333:ARG	16.255	3.74	47.332
312:GLU	452:LYS	18.491	38.318	37.422	22.041	36.306	27.676	334:SER	17.7	1.231	49.812
313:PRO	359:TRP	17.21	35.723	39.886	13.89	33.708	34.436	338:LYS	20.879	4.165	43.447
314:ASP	317:GLN	18.338	35.586	43.495	18.236	31.61	46.819	339:LEU	21.976	6.962	41.064
314:ASP	318:VAL	18.338	35.586	43.495	18.477	29.344	43.78	340:SER	25.606	7.661	40.161
315:GLU	319:GLN	21.573	33.693	43.033	21.387	27.357	45.251	341:THR	27.58	10.904	40.063
315:GLU	397:HIS	21.573	33.693	43.033	32.977	32.223	41.702	342:PHE	26.493	11.499	36.482
318:VAL	322:ILE	18.477	29.344	43.78	18.182	23.258	43.957	343:GLY	22.858	10.735	37.279
319:GLN	323:MET	21.387	27.357	45.251	20.281	21.833	46.757	344:LEU	23.028	13.374	40.029
319:GLN	407:THR	21.387	27.357	45.251	24.22	24.306	44.256	345:MET	24.591	16.015	37.791
320:ALA	323:MET	19.502	26.628	48.467	20.281	21.833	46.757	346:CYS	21.773	15.437	35.328
320:ALA	324:ALA	19.502	26.628	48.467	17.09	21.382	48.745	347:LYS	19.277	16.084	38.121
321:LYS	324:ALA	16.449	25.525	46.469	17.09	21.382	48.745	348:MET	21.098	19.268	39.057
322:ILE	326:LEU	18.182	23.258	43.957	18.296	17.11	45.352	349:ALA	21.209	20.374	35.427
322:ILE	351:GLN	18.182	23.258	43.957	16.711	21.948	37.88	350:ASP	17.523	20.092	34.657
322:ILE	406:VAL	18.182	23.258	43.957	25.034	25.619	40.765	351:GLN	16.711	21.948	37.88
322:ILE	407:THR	18.182	23.258	43.957	24.22	24.306	44.256	352:THR	18.912	24.677	36.447
323:MET	327:GLN	20.281	21.833	46.757	18.023	16.131	49.016	353:LEU	16.628	24.475	33.449
323:MET	407:THR	20.281	21.833	46.757	24.22	24.306	44.256	354:PHE	13.427	25.012	35.42
325:TYR	329:GLU	15.374	19.493	45.873	14.361	13.803	46.064	355:SER	15.212	27.992	36.965
325:TYR	347:LYS	15.374	19.493	45.873	19.277	16.084	38.121	356:ILE	16.144	29.443	33.575
325:TYR	350:ASP	15.374	19.493	45.873	17.523	20.092	34.657	357:VAL	12.651	29.125	32.072
325:TYR	351:GLN	15.374	19.493	45.873	16.711	21.948	37.88	358:GLU	11.229	31.086	34.994
326:LEU	329:GLU	18.296	17.11	45.352	14.361	13.803	46.064	359:TRP	13.89	33.708	34.436
326:LEU	347:LYS	18.296	17.11	45.352	19.277	16.084	38.121	360:ALA	12.857	34.129	30.797
326:LEU	348:MET	18.296	17.11	45.352	21.098	19.268	39.057	361:ARG	9.111	33.873	31.494
326:LEU	407:THR	18.296	17.11	45.352	24.22	24.306	44.256	362:SER	9.048	36.847	33.848
327:GLN	330:GLN	18.023	16.131	49.016	16.793	11.474	47.868	363:SER	11.698	38.882	32.074
329:GLU	333:ARG	14.361	13.803	46.064	16.255	3.74	47.332	364:ILE	11.453	42.268	30.413
329:GLU	347:LYS	14.361	13.803	46.064	19.277	16.084	38.121	365:PHE	10.384	41.758	26.797
330:GLN	338:LYS	16.793	11.474	47.868	20.879	4.165	43.447	366:PHE	10.129	37.966	26.803
330:GLN	339:LEU	16.793	11.474	47.868	21.976	6.962	41.064	367:ARG	6.98	38.253	28.931
333:ARG	347:LYS	16.255	3.74	47.332	19.277	16.084	38.121	368:GLU	5.235	39.815	25.899
339:LEU	343:GLY	21.976	6.962	41.064	22.858	10.735	37.279	369:LEU	5.633	36.944	23.448
339:LEU	344:LEU	21.976	6.962	41.064	23.028	13.374	40.029	370:LYS	2.889	34.471	22.602
339:LEU	347:LYS	21.976	6.962	41.064	19.277	16.084	38.121	371:VAL	3.736	31.154	24.258
341:THR	344:LEU	27.58	10.904	40.063	23.028	13.374	40.029	372:ASP	4.401	29.76	20.789
341:THR	419:GLN	27.58	10.904	40.063	36.316	9.52	35.933	373:ASP	7.14	32.305	20.199
342:PHE	346:CYS	26.493	11.499	36.482	21.773	15.437	35.328	374:GLN	8.446	31.827	23.759
342:PHE	516:TYR	26.493	11.499	36.482	27.254	14.138	24.405	375:MET	8.782	28.111	23.063
342:PHE	517:LEU	26.493	11.499	36.482	24.125	14.118	26.53	376:LYS	10.538	28.56	19.729
342:PHE	520:LYS	26.493	11.499	36.482	24.696	9.246	27.557	377:LEU	13.16	30.89	21.259
342:PHE	525:ASP	26.493	11.499	36.482	23.11	6.573	31.641	378:LEU	13.84	28.706	24.341
342:PHE	526:VAL	26.493	11.499	36.482	20.418	9.221	32.103	379:GLN	13.865	25.47	22.364
343:GLY	346:CYS	22.858	10.735	37.279	21.773	15.437	35.328	380:ASN	16.61	27.166	20.316
343:GLY	347:LYS	22.858	10.735	37.279	19.277	16.084	38.121	381:CYS	18.875	28.455	23.102
343:GLY	527:PRO	22.858	10.735	37.279	17.618	9.17	34.732	382:TRP	18.174	26.316	26.206
344:LEU	347:LYS	23.028	13.374	40.029	19.277	16.084	38.121	383:SER	21.448	24.442	26.094
345:MET	348:MET	24.591	16.015	37.791	21.098	19.268	39.057	384:GLU	23.347	27.64	25.342
345:MET	405:LEU	24.591	16.015	37.791	28.467	23.892	40.906	385:LEU	21.662	29.45	28.205
346:CYS	349:ALA	21.773	15.437	35.328	21.209	20.374	35.427	387:ILE	26.31	26.779	29.228
346:CYS	526:VAL	21.773	15.437	35.328	20.418	9.221	32.103	388:LEU	26.513	30.576	29.539
346:CYS	527:PRO	21.773	15.437	35.328	17.618	9.17	34.732	389:ASP	25.096	30.244	32.995
346:CYS	530:ASN	21.773	15.437	35.328	14.29	14.354	33.042	390:HIS	27.709	27.687	34.063
348:MET	405:LEU	21.098	19.268	39.057	28.467	23.892	40.906	391:ILE	30.472	29.732	32.434
348:MET	406:VAL	21.098	19.268	39.057	25.034	25.619	40.765	392:TYR	29.527	32.971	34.169
348:MET	407:THR	21.098	19.268	39.057	24.22	24.306	44.256	393:ARG	29.437	31.054	37.43
349:ALA	352:THR	21.209	20.374	35.427	18.912	24.677	36.447	394:GLN	33.061	29.885	36.988
349:ALA	532:LEU	21.209	20.374	35.427	16.796	17.937	29.449	395:VAL	34.202	33.431	36.23
350:ASP	353:LEU	17.523	20.092	34.657	16.628	24.475	33.449	397:HIS	32.977	32.223	41.702
350:ASP	354:PHE	17.523	20.092	34.657	13.427	25.012	35.42	398:GLY	35.194	29.536	40.159
350:ASP	530:ASN	17.523	20.092	34.657	14.29	14.354	33.042	399:LYS	38.923	29.314	40.833
350:ASP	531:LEU	17.523	20.092	34.657	13.546	17.743	31.415	400:GLU	41.827	27.029	39.909
350:ASP	532:LEU	17.523	20.092	34.657	16.796	17.937	29.449	401:GLY	41.399	23.313	39.351
352:THR	355:SER	18.912	24.677	36.447	15.212	27.992	36.965	402:SER	37.913	23.511	40.872
352:THR	386:LEU	18.912	24.677	36.447	22.723	26.621	30.555	403:ILE	34.448	23.658	39.319
352:THR	393:ARG	18.912	24.677	36.447	29.437	31.054	37.43	404:PHE	31.804	25.74	41.109
353:LEU	357:VAL	16.628	24.475	33.449	12.651	29.125	32.072	406:VAL	25.034	25.619	40.765
353:LEU	382:TRP	16.628	24.475	33.449	18.174	26.316	26.206	407:THR	24.22	24.306	44.256
353:LEU	531:LEU	16.628	24.475	33.449	13.546	17.743	31.415	408:GLY	26.981	26.506	45.695
353:LEU	532:LEU	16.628	24.475	33.449	16.796	17.937	29.449	409:GLN	29.942	24.152	46.245
353:LEU	535:MET	16.628	24.475	33.449	14.043	19.15	25.462	410:GLN	33.461	24.055	44.823
354:PHE	531:LEU	13.427	25.012	35.42	13.546	17.743	31.415	411:VAL	34.782	20.733	43.553
354:PHE	748:LEU	13.427	25.012	35.42	12.497	18.067	19.269	412:ASP	38.44	20.235	42.628
356:ILE	359:TRP	16.144	29.443	33.575	13.89	33.708	34.436	413:TYR	38.747	19.425	38.917
356:ILE	385:LEU	16.144	29.443	33.575	21.662	29.45	28.205	414:SER	40.394	16.045	39.748
356:ILE	386:LEU	16.144	29.443	33.575	22.723	26.621	30.555	415:ILE	37.141	14.734	41.249
357:VAL	748:LEU	12.651	29.125	32.072	12.497	18.067	19.269	416:ILE	35.635	15.29	37.787
357:VAL	749:LEU	12.651	29.125	32.072	12.497	18.067	19.269	417:ALA	38.73	14.489	35.704
358:GLU	361:ARG	11.229	31.086	34.994	9.111	33.873	31.494	418:SER	39.382	11.183	37.49
358:GLU	751:LYS	11.229	31.086	34.994	12.497	18.067	19.269	419:GLN	36.316	9.52	35.933
359:TRP	363:SER	13.89	33.708	34.436	11.698	38.882	32.074	420:ALA	35.83	11.277	32.585
359:TRP	385:LEU	13.89	33.708	34.436	21.662	29.45	28.205	421:GLY	35.769	9.838	29.077
359:TRP	452:LYS	13.89	33.708	34.436	22.041	36.306	27.676	422:ALA	36.918	11.178	25.688
359:TRP	453:PHE	13.89	33.708	34.436	19.48	38.389	25.833	423:THR	33.752	13.057	24.699
359:TRP	456:LEU	13.89	33.708	34.436	17.728	34.31	23.968	424:LEU	33.286	14.718	28.094
360:ALA	363:SER	12.857	34.129	30.797	11.698	38.882	32.074	425:ASN	36.983	15.606	28.137
360:ALA	366:PHE	12.857	34.129	30.797	10.129	37.966	26.803	426:ASN	36.882	17.61	24.889
360:ALA	378:LEU	12.857	34.129	30.797	13.84	28.706	24.341	427:LEU	33.753	19.361	26.147
361:ARG	748:LEU	9.111	33.873	31.494	12.497	18.067	19.269	428:MET	35.131	20.235	29.586
361:ARG	749:LEU	9.111	33.873	31.494	12.497	18.067	19.269	429:SER	38.27	21.466	27.91
362:SER	367:ARG	9.048	36.847	33.848	6.98	38.253	28.931	430:HIS	36.435	23.689	25.406
363:SER	367:ARG	11.698	38.882	32.074	6.98	38.253	28.931	431:ALA	34.461	25.182	28.301
364:ILE	453:PHE	11.453	42.268	30.413	19.48	38.389	25.833	432:GLN	37.692	25.752	30.202
365:PHE	453:PHE	10.384	41.758	26.797	19.48	38.389	25.833	433:GLU	39.188	27.673	27.299
365:PHE	457:PHE	10.384	41.758	26.797	16.446	36.683	21.285	434:LEU	36.057	29.859	27.152
365:PHE	473:VAL	10.384	41.758	26.797	15.706	43.746	21.498	435:VAL	35.882	30.462	30.896
365:PHE	476:GLN	10.384	41.758	26.797	18.629	47.327	21.139	436:ALA	39.517	31.599	30.804
366:PHE	369:LEU	10.129	37.966	26.803	5.633	36.944	23.448	437:LYS	39.037	33.817	27.765
366:PHE	374:GLN	10.129	37.966	26.803	8.446	31.827	23.759	438:LEU	36.295	35.586	29.745
366:PHE	377:LEU	10.129	37.966	26.803	13.16	30.89	21.259	439:ARG	38.359	35.965	32.955
366:PHE	378:LEU	10.129	37.966	26.803	13.84	28.706	24.341	440:SER	40.92	37.536	30.627
366:PHE	456:LEU	10.129	37.966	26.803	17.728	34.31	23.968	441:LEU	38.35	40.104	29.387
366:PHE	457:PHE	10.129	37.966	26.803	16.446	36.683	21.285	442:GLN	37.132	40.894	32.899
367:ARG	374:GLN	6.98	38.253	28.931	8.446	31.827	23.759	443:PHE	33.643	39.745	31.903
369:LEU	373:ASP	5.633	36.944	23.448	7.14	32.305	20.199	444:ASP	31.149	41.449	34.243
369:LEU	374:GLN	5.633	36.944	23.448	8.446	31.827	23.759	445:GLN	27.477	41.005	35.089
369:LEU	377:LEU	5.633	36.944	23.448	13.16	30.89	21.259	446:ARG	26.351	43.93	32.924
369:LEU	457:PHE	5.633	36.944	23.448	16.446	36.683	21.285	447:GLU	28.063	42.309	29.918
369:LEU	466:ASN	5.633	36.944	23.448	6.26	38.517	16.505	448:PHE	26.679	38.953	31.078
370:LYS	374:GLN	2.889	34.471	22.602	8.446	31.827	23.759	449:VAL	22.951	39.795	30.961
370:LYS	465:GLU	2.889	34.471	22.602	5.278	35.295	14.756	450:CYS	23.475	41.446	27.548
371:VAL	374:GLN	3.736	31.154	24.258	8.446	31.827	23.759	451:LEU	24.977	38.248	26.224
371:VAL	375:MET	3.736	31.154	24.258	8.782	28.111	23.063	452:LYS	22.041	36.306	27.676
371:VAL	750:ASP	3.736	31.154	24.258	12.497	18.067	19.269	453:PHE	19.48	38.389	25.833
372:ASP	376:LYS	4.401	29.76	20.789	10.538	28.56	19.729	454:LEU	21.474	38.32	22.602
373:ASP	376:LYS	7.14	32.305	20.199	10.538	28.56	19.729	455:VAL	21.405	34.545	23.077
373:ASP	465:GLU	7.14	32.305	20.199	5.278	35.295	14.756	456:LEU	17.728	34.31	23.968
374:GLN	749:LEU	8.446	31.827	23.759	12.497	18.067	19.269	457:PHE	16.446	36.683	21.285
375:MET	379:GLN	8.782	28.111	23.063	13.865	25.47	22.364	458:SER	18.269	34.999	18.411
375:MET	745:LEU	8.782	28.111	23.063	12.497	18.067	19.269	459:LEU	17.486	36.019	14.825
375:MET	746:ARG	8.782	28.111	23.063	12.497	18.067	19.269	460:ASP	18.149	32.503	13.568
375:MET	749:LEU	8.782	28.111	23.063	12.497	18.067	19.269	461:VAL	14.838	31.065	14.786
376:LYS	463:ASN	10.538	28.56	19.729	8.355	30.391	12.224	462:LYS	12.176	30.545	12.121
376:LYS	464:LEU	10.538	28.56	19.729	8.479	33.279	14.659	463:ASN	8.355	30.391	12.224
377:LEU	380:ASN	13.16	30.89	21.259	16.61	27.166	20.316	464:LEU	8.479	33.279	14.659
377:LEU	381:CYS	13.16	30.89	21.259	18.875	28.455	23.102	465:GLU	5.278	35.295	14.756
377:LEU	457:PHE	13.16	30.89	21.259	16.446	36.683	21.285	466:ASN	6.26	38.517	16.505
377:LEU	461:VAL	13.16	30.89	21.259	14.838	31.065	14.786	467:PHE	9.639	38.531	14.736
377:LEU	464:LEU	13.16	30.89	21.259	8.479	33.279	14.659	468:GLN	9.625	42.332	14.811
378:LEU	456:LEU	13.84	28.706	24.341	17.728	34.31	23.968	469:LEU	10.05	42.285	18.596
378:LEU	749:LEU	13.84	28.706	24.341	12.497	18.067	19.269	470:VAL	12.982	39.822	18.51
379:GLN	382:TRP	13.865	25.47	22.364	18.174	26.316	26.206	471:GLU	14.947	42.137	16.258
379:GLN	538:ALA	13.865	25.47	22.364	12.497	18.067	19.269	472:GLY	13.987	45.103	18.401
379:GLN	742:ASN	13.865	25.47	22.364	12.497	18.067	19.269	473:VAL	15.706	43.746	21.498
379:GLN	745:LEU	13.865	25.47	22.364	12.497	18.067	19.269	474:GLN	18.484	42.151	19.484
380:ASN	458:SER	16.61	27.166	20.316	18.269	34.999	18.411	475:GLU	19.495	45.508	17.921
380:ASN	461:VAL	16.61	27.166	20.316	14.838	31.065	14.786	476:GLN	18.629	47.327	21.139
381:CYS	384:GLU	18.875	28.455	23.102	23.347	27.64	25.342	477:VAL	20.66	45.164	23.521
381:CYS	385:LEU	18.875	28.455	23.102	21.662	29.45	28.205	478:ASN	23.364	45.038	20.893
381:CYS	455:VAL	18.875	28.455	23.102	21.405	34.545	23.077	479:ALA	23.47	48.852	20.857
381:CYS	456:LEU	18.875	28.455	23.102	17.728	34.31	23.968	480:ALA	23.296	49.097	24.65
382:TRP	386:LEU	18.174	26.316	26.206	22.723	26.621	30.555	481:LEU	26.351	46.855	24.95
382:TRP	514:GLU	18.174	26.316	26.206	23.714	18.091	23.62	482:LEU	28.148	48.907	22.281
382:TRP	532:LEU	18.174	26.316	26.206	16.796	17.937	29.449	483:ASP	27.684	52.026	24.428
382:TRP	535:MET	18.174	26.316	26.206	14.043	19.15	25.462	484:TYR	28.383	50.336	27.74
382:TRP	536:LEU	18.174	26.316	26.206	16.486	17.192	23.264	485:THR	31.778	49.007	26.656
383:SER	510:SER	21.448	24.442	26.094	26.295	23.761	23.634	487:CYS	31.972	54.274	28.187
383:SER	514:GLU	21.448	24.442	26.094	23.714	18.091	23.62	488:ASN	33.227	51.905	30.902
384:GLU	455:VAL	23.347	27.64	25.342	21.405	34.545	23.077	490:PRO	37.678	53.386	26.612
384:GLU	506:ILE	23.347	27.64	25.342	28.897	29.214	23.373	491:GLN	41.334	52.247	26.501
384:GLU	507:ARG	23.347	27.64	25.342	26.762	27.952	20.482	492:GLN	40.081	48.795	25.464
384:GLU	510:SER	23.347	27.64	25.342	26.295	23.761	23.634	493:THR	38.112	49.344	22.258
385:LEU	452:LYS	21.662	29.45	28.205	22.041	36.306	27.676	495:LYS	36.076	44.705	24.504
385:LEU	455:VAL	21.662	29.45	28.205	21.405	34.545	23.077	496:PHE	32.873	44.801	22.492
386:LEU	389:ASP	22.723	26.621	30.555	25.096	30.244	32.995	497:GLY	34.162	42.541	19.726
387:ILE	391:ILE	26.31	26.779	29.228	30.472	29.732	32.434	499:LEU	32.312	39.609	23.856
387:ILE	506:ILE	26.31	26.779	29.228	28.897	29.214	23.373	500:LEU	30.315	39.159	20.654
387:ILE	509:ILE	26.31	26.779	29.228	30.048	24.026	23.105	501:LEU	32.778	36.517	19.426
387:ILE	510:SER	26.31	26.779	29.228	26.295	23.761	23.634	502:ARG	32.136	34.294	22.453
388:LEU	391:ILE	26.513	30.576	29.539	30.472	29.732	32.434	504:PRO	29.622	31.449	18.393
388:LEU	448:PHE	26.513	30.576	29.539	26.679	38.953	31.078	505:GLU	31.777	29.541	20.892
388:LEU	451:LEU	26.513	30.576	29.539	24.977	38.248	26.224	506:ILE	28.897	29.214	23.373
388:LEU	452:LYS	26.513	30.576	29.539	22.041	36.306	27.676	507:ARG	26.762	27.952	20.482
388:LEU	506:ILE	26.513	30.576	29.539	28.897	29.214	23.373	508:ALA	29.358	25.281	19.581
389:ASP	393:ARG	25.096	30.244	32.995	29.437	31.054	37.43	509:ILE	30.048	24.026	23.105
389:ASP	452:LYS	25.096	30.244	32.995	22.041	36.306	27.676	510:SER	26.295	23.761	23.634
390:HIS	393:ARG	27.709	27.687	34.063	29.437	31.054	37.43	511:MET	25.863	21.735	20.409
390:HIS	394:GLN	27.709	27.687	34.063	33.061	29.885	36.988	512:GLN	28.543	19.357	21.636
390:HIS	403:ILE	27.709	27.687	34.063	34.448	23.658	39.319	513:ALA	27.051	19.181	25.128
390:HIS	404:PHE	27.709	27.687	34.063	31.804	25.74	41.109	514:GLU	23.714	18.091	23.62
391:ILE	434:LEU	30.472	29.732	32.434	36.057	29.859	27.152	516:TYR	27.254	14.138	24.405
391:ILE	435:VAL	30.472	29.732	32.434	35.882	30.462	30.896	517:LEU	24.125	14.118	26.53
391:ILE	438:LEU	30.472	29.732	32.434	36.295	35.586	29.745	518:TYR	22.134	12.314	23.844
392:TYR	396:VAL	29.527	32.971	34.169	32.424	35.044	39.167	519:TYR	24.866	9.679	23.77
392:TYR	443:PHE	29.527	32.971	34.169	33.643	39.745	31.903	520:LYS	24.696	9.246	27.557
392:TYR	444:ASP	29.527	32.971	34.169	31.149	41.449	34.243	521:HIS	20.926	8.879	27.247
392:TYR	445:GLN	29.527	32.971	34.169	27.477	41.005	35.089	522:LEU	21.175	6.271	24.493
392:TYR	448:PHE	29.527	32.971	34.169	26.679	38.953	31.078	523:ASN	23.764	4.446	26.618
393:ARG	404:PHE	29.437	31.054	37.43	31.804	25.74	41.109	524:GLY	21.106	4.256	29.365
393:ARG	406:VAL	29.437	31.054	37.43	25.034	25.619	40.765	525:ASP	23.11	6.573	31.641
394:GLN	403:ILE	33.061	29.885	36.988	34.448	23.658	39.319	527:PRO	17.618	9.17	34.732
394:GLN	404:PHE	33.061	29.885	36.988	31.804	25.74	41.109	528:TYR	14.069	8.301	33.66
394:GLN	435:VAL	33.061	29.885	36.988	35.882	30.462	30.896	529:ASN	12.588	11.221	31.673
394:GLN	439:ARG	33.061	29.885	36.988	38.359	35.965	32.955	530:ASN	14.29	14.354	33.042
395:VAL	435:VAL	34.202	33.431	36.23	35.882	30.462	30.896	532:LEU	16.796	17.937	29.449
395:VAL	438:LEU	34.202	33.431	36.23	36.295	35.586	29.745	533:ILE	16.033	14.732	27.562
397:HIS	404:PHE	32.977	32.223	41.702	31.804	25.74	41.109	534:GLU	12.484	16.013	26.959
397:HIS	410:GLN	32.977	32.223	41.702	33.461	24.055	44.823	535:MET	14.043	19.15	25.462
401:GLY	412:ASP	41.399	23.313	39.351	38.44	20.235	42.628	538:ALA	12.497	18.067	19.269
401:GLY	413:TYR	41.399	23.313	39.351	38.747	19.425	38.917
402:SER	410:GLN	37.913	23.511	40.872	33.461	24.055	44.823
402:SER	411:VAL	37.913	23.511	40.872	34.782	20.733	43.553
403:ILE	416:ILE	34.448	23.658	39.319	35.635	15.29	37.787
404:PHE	408:GLY	31.804	25.74	41.109	26.981	26.506	45.695
404:PHE	410:GLN	31.804	25.74	41.109	33.461	24.055	44.823
405:LEU	411:VAL	28.467	23.892	40.906	34.782	20.733	43.553
411:VAL	415:ILE	34.782	20.733	43.553	37.141	14.734	41.249
411:VAL	416:ILE	34.782	20.733	43.553	35.635	15.29	37.787
412:ASP	415:ILE	38.44	20.235	42.628	37.141	14.734	41.249
413:TYR	417:ALA	38.747	19.425	38.917	38.73	14.489	35.704
413:TYR	428:MET	38.747	19.425	38.917	35.131	20.235	29.586
416:ILE	428:MET	35.635	15.29	37.787	35.131	20.235	29.586
420:ALA	424:LEU	35.83	11.277	32.585	33.286	14.718	28.094
420:ALA	425:ASN	35.83	11.277	32.585	36.983	15.606	28.137
421:GLY	425:ASN	35.769	9.838	29.077	36.983	15.606	28.137
422:ALA	425:ASN	36.918	11.178	25.688	36.983	15.606	28.137
422:ALA	426:ASN	36.918	11.178	25.688	36.882	17.61	24.889
423:THR	516:TYR	33.752	13.057	24.699	27.254	14.138	24.405
424:LEU	427:LEU	33.286	14.718	28.094	33.753	19.361	26.147
424:LEU	428:MET	33.286	14.718	28.094	35.131	20.235	29.586
424:LEU	516:TYR	33.286	14.718	28.094	27.254	14.138	24.405
425:ASN	428:MET	36.983	15.606	28.137	35.131	20.235	29.586
426:ASN	429:SER	36.882	17.61	24.889	38.27	21.466	27.91
426:ASN	430:HIS	36.882	17.61	24.889	36.435	23.689	25.406
427:LEU	509:ILE	33.753	19.361	26.147	30.048	24.026	23.105
427:LEU	512:GLN	33.753	19.361	26.147	28.543	19.357	21.636
427:LEU	513:ALA	33.753	19.361	26.147	27.051	19.181	25.128
429:SER	432:GLN	38.27	21.466	27.91	37.692	25.752	30.202
430:HIS	433:GLU	36.435	23.689	25.406	39.188	27.673	27.299
430:HIS	509:ILE	36.435	23.689	25.406	30.048	24.026	23.105
430:HIS	512:GLN	36.435	23.689	25.406	28.543	19.357	21.636
431:ALA	435:VAL	34.461	25.182	28.301	35.882	30.462	30.896
433:GLU	437:LYS	39.188	27.673	27.299	39.037	33.817	27.765
434:LEU	438:LEU	36.057	29.859	27.152	36.295	35.586	29.745
434:LEU	502:ARG	36.057	29.859	27.152	32.136	34.294	22.453
434:LEU	506:ILE	36.057	29.859	27.152	28.897	29.214	23.373
434:LEU	509:ILE	36.057	29.859	27.152	30.048	24.026	23.105
435:VAL	439:ARG	35.882	30.462	30.896	38.359	35.965	32.955
437:LYS	440:SER	39.037	33.817	27.765	40.92	37.536	30.627
437:LYS	502:ARG	39.037	33.817	27.765	32.136	34.294	22.453
437:LYS	505:GLU	39.037	33.817	27.765	31.777	29.541	20.892
438:LEU	441:LEU	36.295	35.586	29.745	38.35	40.104	29.387
438:LEU	443:PHE	36.295	35.586	29.745	33.643	39.745	31.903
438:LEU	502:ARG	36.295	35.586	29.745	32.136	34.294	22.453
441:LEU	495:LYS	38.35	40.104	29.387	36.076	44.705	24.504
441:LEU	498:GLN	38.35	40.104	29.387	35.629	39.891	22.012
441:LEU	499:LEU	38.35	40.104	29.387	32.312	39.609	23.856
442:GLN	489:TYR	37.132	40.894	32.899	36.279	50.653	28.955
442:GLN	495:LYS	37.132	40.894	32.899	36.076	44.705	24.504
443:PHE	447:GLU	33.643	39.745	31.903	28.063	42.309	29.918
443:PHE	448:PHE	33.643	39.745	31.903	26.679	38.953	31.078
443:PHE	451:LEU	33.643	39.745	31.903	24.977	38.248	26.224
443:PHE	499:LEU	33.643	39.745	31.903	32.312	39.609	23.856
444:ASP	447:GLU	31.149	41.449	34.243	28.063	42.309	29.918
445:GLN	448:PHE	27.477	41.005	35.089	26.679	38.953	31.078
446:ARG	449:VAL	26.351	43.93	32.924	22.951	39.795	30.961
446:ARG	484:TYR	26.351	43.93	32.924	28.383	50.336	27.74
447:GLU	484:TYR	28.063	42.309	29.918	28.383	50.336	27.74
447:GLU	495:LYS	28.063	42.309	29.918	36.076	44.705	24.504
447:GLU	499:LEU	28.063	42.309	29.918	32.312	39.609	23.856
448:PHE	452:LYS	26.679	38.953	31.078	22.041	36.306	27.676
449:VAL	452:LYS	22.951	39.795	30.961	22.041	36.306	27.676
450:CYS	477:VAL	23.475	41.446	27.548	20.66	45.164	23.521
450:CYS	481:LEU	23.475	41.446	27.548	26.351	46.855	24.95
451:LEU	455:VAL	24.977	38.248	26.224	21.405	34.545	23.077
452:LYS	455:VAL	22.041	36.306	27.676	21.405	34.545	23.077
453:PHE	457:PHE	19.48	38.389	25.833	16.446	36.683	21.285
453:PHE	477:VAL	19.48	38.389	25.833	20.66	45.164	23.521
454:LEU	474:GLN	21.474	38.32	22.602	18.484	42.151	19.484
454:LEU	477:VAL	21.474	38.32	22.602	20.66	45.164	23.521
454:LEU	500:LEU	21.474	38.32	22.602	30.315	39.159	20.654
455:VAL	503:LEU	21.405	34.545	23.077	28.581	33.766	21.229
457:PHE	470:VAL	16.446	36.683	21.285	12.982	39.822	18.51
457:PHE	473:VAL	16.446	36.683	21.285	15.706	43.746	21.498
458:SER	461:VAL	18.269	34.999	18.411	14.838	31.065	14.786
458:SER	470:VAL	18.269	34.999	18.411	12.982	39.822	18.51
458:SER	507:ARG	18.269	34.999	18.411	26.762	27.952	20.482
459:LEU	462:LYS	17.486	36.019	14.825	12.176	30.545	12.121
459:LEU	467:PHE	17.486	36.019	14.825	9.639	38.531	14.736
459:LEU	470:VAL	17.486	36.019	14.825	12.982	39.822	18.51
459:LEU	471:GLU	17.486	36.019	14.825	14.947	42.137	16.258
459:LEU	474:GLN	17.486	36.019	14.825	18.484	42.151	19.484
461:VAL	464:LEU	14.838	31.065	14.786	8.479	33.279	14.659
464:LEU	467:PHE	8.479	33.279	14.659	9.639	38.531	14.736
464:LEU	470:VAL	8.479	33.279	14.659	12.982	39.822	18.51
466:ASN	469:LEU	6.26	38.517	16.505	10.05	42.285	18.596
467:PHE	471:GLU	9.639	38.531	14.736	14.947	42.137	16.258
471:GLU	474:GLN	14.947	42.137	16.258	18.484	42.151	19.484
471:GLU	475:GLU	14.947	42.137	16.258	19.495	45.508	17.921
472:GLY	476:GLN	13.987	45.103	18.401	18.629	47.327	21.139
473:VAL	476:GLN	15.706	43.746	21.498	18.629	47.327	21.139
473:VAL	477:VAL	15.706	43.746	21.498	20.66	45.164	23.521
474:GLN	478:ASN	18.484	42.151	19.484	23.364	45.038	20.893
475:GLU	478:ASN	19.495	45.508	17.921	23.364	45.038	20.893
477:VAL	480:ALA	20.66	45.164	23.521	23.296	49.097	24.65
478:ASN	496:PHE	23.364	45.038	20.893	32.873	44.801	22.492
479:ALA	482:LEU	23.47	48.852	20.857	28.148	48.907	22.281
481:LEU	485:THR	26.351	46.855	24.95	31.778	49.007	26.656
481:LEU	496:PHE	26.351	46.855	24.95	32.873	44.801	22.492
481:LEU	499:LEU	26.351	46.855	24.95	32.312	39.609	23.856
482:LEU	496:PHE	28.148	48.907	22.281	32.873	44.801	22.492
483:ASP	486:MET	27.684	52.026	24.428	32.994	52.259	25.126
484:TYR	488:ASN	28.383	50.336	27.74	33.227	51.905	30.902
484:TYR	489:TYR	28.383	50.336	27.74	36.279	50.653	28.955
487:CYS	490:PRO	31.972	54.274	28.187	37.678	53.386	26.612
489:TYR	492:GLN	36.279	50.653	28.955	40.081	48.795	25.464
489:TYR	495:LYS	36.279	50.653	28.955	36.076	44.705	24.504
492:GLN	495:LYS	40.081	48.795	25.464	36.076	44.705	24.504
494:GLU	498:GLN	38.252	45.597	21.491	35.629	39.891	22.012
496:PHE	500:LEU	32.873	44.801	22.492	30.315	39.159	20.654
498:GLN	502:ARG	35.629	39.891	22.012	32.136	34.294	22.453
499:LEU	502:ARG	32.312	39.609	23.856	32.136	34.294	22.453
501:LEU	504:PRO	32.778	36.517	19.426	29.622	31.449	18.393
502:ARG	505:GLU	32.136	34.294	22.453	31.777	29.541	20.892
504:PRO	507:ARG	29.622	31.449	18.393	26.762	27.952	20.482
507:ARG	510:SER	26.762	27.952	20.482	26.295	23.761	23.634
507:ARG	511:MET	26.762	27.952	20.482	25.863	21.735	20.409
508:ALA	511:MET	29.358	25.281	19.581	25.863	21.735	20.409
508:ALA	512:GLN	29.358	25.281	19.581	28.543	19.357	21.636
511:MET	515:GLU	25.863	21.735	20.409	25.27	15.421	21.449
514:GLU	536:LEU	23.714	18.091	23.62	16.486	17.192	23.264
516:TYR	519:TYR	27.254	14.138	24.405	24.866	9.679	23.77
516:TYR	520:LYS	27.254	14.138	24.405	24.696	9.246	27.557
517:LEU	532:LEU	24.125	14.118	26.53	16.796	17.937	29.449
517:LEU	536:LEU	24.125	14.118	26.53	16.486	17.192	23.264
518:TYR	521:HIS	22.134	12.314	23.844	20.926	8.879	27.247
518:TYR	522:LEU	22.134	12.314	23.844	21.175	6.271	24.493
518:TYR	536:LEU	22.134	12.314	23.844	16.486	17.192	23.264
518:TYR	537:HIS	22.134	12.314	23.844	13.362	15.448	21.932
520:LYS	523:ASN	24.696	9.246	27.557	23.764	4.446	26.618
520:LYS	525:ASP	24.696	9.246	27.557	23.11	6.573	31.641
520:LYS	526:VAL	24.696	9.246	27.557	20.418	9.221	32.103
521:HIS	526:VAL	20.926	8.879	27.247	20.418	9.221	32.103
521:HIS	533:ILE	20.926	8.879	27.247	16.033	14.732	27.562
521:HIS	537:HIS	20.926	8.879	27.247	13.362	15.448	21.932
526:VAL	530:ASN	20.418	9.221	32.103	14.29	14.354	33.042
526:VAL	533:ILE	20.418	9.221	32.103	16.033	14.732	27.562
529:ASN	751:LYS	12.588	11.221	31.673	12.497	18.067	19.269
530:ASN	533:ILE	14.29	14.354	33.042	16.033	14.732	27.562
531:LEU	534:GLU	13.546	17.743	31.415	12.484	16.013	26.959
531:LEU	535:MET	13.546	17.743	31.415	14.043	19.15	25.462
531:LEU	744:LEU	13.546	17.743	31.415	12.497	18.067	19.269
531:LEU	748:LEU	13.546	17.743	31.415	12.497	18.067	19.269
532:LEU	535:MET	16.796	17.937	29.449	14.043	19.15	25.462
533:ILE	536:LEU	16.033	14.732	27.562	16.486	17.192	23.264
533:ILE	537:HIS	16.033	14.732	27.562	13.362	15.448	21.932
534:GLU	744:LEU	12.484	16.013	26.959	12.497	18.067	19.269
534:GLU	751:LYS	12.484	16.013	26.959	12.497	18.067	19.269
535:MET	745:LEU	14.043	19.15	25.462	12.497	18.067	19.269