source	target	x1	y1	z1	x2	y2	z2	NodeId	x	y	z
300:SER	487:CYS	-32.578	-10.816	-9.81	-30.713	-10.222	-3.394	300:SER	-32.578	-10.816	-9.81
301:ILE	306:LEU	-31.953	-7.309	-11.185	-30.864	-2.398	-15.988	301:ILE	-31.953	-7.309	-11.185
301:ILE	309:LEU	-31.953	-7.309	-11.185	-26.664	0.07	-17.335	302:PRO	-34.129	-4.229	-10.633
301:ILE	446:ARG	-31.953	-7.309	-11.185	-24.549	-2.778	-11.103	303:HIS	-35.531	-2.759	-13.824
302:PRO	305:ILE	-34.129	-4.229	-10.633	-30.547	-0.675	-12.625	304:LEU	-34.115	0.612	-12.842
302:PRO	306:LEU	-34.129	-4.229	-10.633	-30.864	-2.398	-15.988	305:ILE	-30.547	-0.675	-12.625
302:PRO	307:GLU	-34.129	-4.229	-10.633	-31.943	0.969	-17.449	306:LEU	-30.864	-2.398	-15.988
302:PRO	480:ALA	-34.129	-4.229	-10.633	-32.808	-0.351	-6.046	307:GLU	-31.943	0.969	-17.449
302:PRO	484:TYR	-34.129	-4.229	-10.633	-29.948	-5.536	-5.545	308:LEU	-28.961	2.76	-15.935
303:HIS	306:LEU	-35.531	-2.759	-13.824	-30.864	-2.398	-15.988	309:LEU	-26.664	0.07	-17.335
303:HIS	307:GLU	-35.531	-2.759	-13.824	-31.943	0.969	-17.449	310:LYS	-28.035	0.568	-20.849
303:HIS	308:LEU	-35.531	-2.759	-13.824	-28.961	2.76	-15.935	311:CYS	-26.462	4.013	-20.742
304:LEU	307:GLU	-34.115	0.612	-12.842	-31.943	0.969	-17.449	312:GLU	-22.933	2.774	-19.915
304:LEU	308:LEU	-34.115	0.612	-12.842	-28.961	2.76	-15.935	313:PRO	-20.287	4.036	-22.341
304:LEU	309:LEU	-34.115	0.612	-12.842	-26.664	0.07	-17.335	314:ASP	-18.833	1.856	-25.092
304:LEU	365:PHE	-34.115	0.612	-12.842	-32.883	11.059	-16.495	315:GLU	-15.467	1.482	-23.384
304:LEU	476:GLN	-34.115	0.612	-12.842	-35.307	5.168	-6.325	316:PRO	-13.323	0.083	-26.215
304:LEU	477:VAL	-34.115	0.612	-12.842	-31.625	4.42	-6.935	317:GLN	-14.64	2.944	-28.362
304:LEU	480:ALA	-34.115	0.612	-12.842	-32.808	-0.351	-6.046	318:VAL	-13.868	5.64	-25.78
305:ILE	308:LEU	-30.547	-0.675	-12.625	-28.961	2.76	-15.935	319:GLN	-10.409	4.139	-25.167
305:ILE	309:LEU	-30.547	-0.675	-12.625	-26.664	0.07	-17.335	320:ALA	-9.628	4.126	-28.89
305:ILE	310:LYS	-30.547	-0.675	-12.625	-28.035	0.568	-20.849	321:LYS	-10.954	7.643	-29.38
305:ILE	446:ARG	-30.547	-0.675	-12.625	-24.549	-2.778	-11.103	322:ILE	-8.921	9.197	-26.563
305:ILE	450:CYS	-30.547	-0.675	-12.625	-25.946	3.186	-8.931	323:MET	-5.793	7.257	-27.509
305:ILE	480:ALA	-30.547	-0.675	-12.625	-32.808	-0.351	-6.046	324:ALA	-6.098	8.456	-31.127
305:ILE	484:TYR	-30.547	-0.675	-12.625	-29.948	-5.536	-5.545	325:TYR	-6.655	12.062	-30.018
306:LEU	309:LEU	-30.864	-2.398	-15.988	-26.664	0.07	-17.335	326:LEU	-3.549	12.072	-27.799
306:LEU	310:LYS	-30.864	-2.398	-15.988	-28.035	0.568	-20.849	327:GLN	-1.476	10.471	-30.572
306:LEU	311:CYS	-30.864	-2.398	-15.988	-26.462	4.013	-20.742	328:GLN	-2.564	12.997	-33.208
307:GLU	310:LYS	-31.943	0.969	-17.449	-28.035	0.568	-20.849	329:GLU	-1.984	15.89	-30.785
307:GLU	311:CYS	-31.943	0.969	-17.449	-26.462	4.013	-20.742	330:GLN	1.65	14.892	-30.336
307:GLU	364:ILE	-31.943	0.969	-17.449	-31.449	8.317	-18.751	331:ALA	1.92	14.192	-34.075
308:LEU	311:CYS	-28.961	2.76	-15.935	-26.462	4.013	-20.742	332:ASN	0.503	17.571	-35.104
308:LEU	312:GLU	-28.961	2.76	-15.935	-22.933	2.774	-19.915	333:ARG	3.138	19.275	-32.944
308:LEU	364:ILE	-28.961	2.76	-15.935	-31.449	8.317	-18.751	334:SER	6.56	20.158	-34.364
308:LEU	365:PHE	-28.961	2.76	-15.935	-32.883	11.059	-16.495	335:LYS	9.755	19.32	-32.457
308:LEU	449:VAL	-28.961	2.76	-15.935	-23.705	2.599	-11.963	336:HIS	9.705	22.912	-31.273
308:LEU	453:PHE	-28.961	2.76	-15.935	-26.066	8.229	-10.452	337:GLU	6.335	22.497	-29.493
309:LEU	312:GLU	-26.664	0.07	-17.335	-22.933	2.774	-19.915	338:LYS	6.148	18.952	-28.073
309:LEU	445:GLN	-26.664	0.07	-17.335	-20.932	-2.928	-12.238	339:LEU	3.97	18.581	-24.979
309:LEU	446:ARG	-26.664	0.07	-17.335	-24.549	-2.778	-11.103	340:SER	5.41	17.93	-21.519
309:LEU	449:VAL	-26.664	0.07	-17.335	-23.705	2.599	-11.963	341:THR	4.404	15.025	-19.293
311:CYS	359:TRP	-26.462	4.013	-20.742	-21.914	9.904	-21.046	342:PHE	2.143	17.267	-17.252
311:CYS	363:SER	-26.462	4.013	-20.742	-27.977	9.102	-20.02	343:GLY	0.877	18.729	-20.528
311:CYS	364:ILE	-26.462	4.013	-20.742	-31.449	8.317	-18.751	344:LEU	-0.176	15.276	-21.746
312:GLU	359:TRP	-22.933	2.774	-19.915	-21.914	9.904	-21.046	345:MET	-1.635	14.39	-18.344
312:GLU	445:GLN	-22.933	2.774	-19.915	-20.932	-2.928	-12.238	346:CYS	-3.762	17.526	-18.626
312:GLU	449:VAL	-22.933	2.774	-19.915	-23.705	2.599	-11.963	347:LYS	-4.933	16.666	-22.141
312:GLU	452:LYS	-22.933	2.774	-19.915	-22.458	7.072	-10.225	348:MET	-5.745	13.072	-21.192
313:PRO	359:TRP	-20.287	4.036	-22.341	-21.914	9.904	-21.046	349:ALA	-7.688	14.319	-18.166
314:ASP	317:GLN	-18.833	1.856	-25.092	-14.64	2.944	-28.362	350:ASP	-9.625	16.811	-20.29
314:ASP	318:VAL	-18.833	1.856	-25.092	-13.868	5.64	-25.78	351:GLN	-10.538	14.052	-22.731
314:ASP	319:GLN	-18.833	1.856	-25.092	-10.409	4.139	-25.167	352:THR	-11.584	11.841	-19.824
315:GLU	318:VAL	-15.467	1.482	-23.384	-13.868	5.64	-25.78	353:LEU	-13.893	14.564	-18.52
315:GLU	319:GLN	-15.467	1.482	-23.384	-10.409	4.139	-25.167	354:PHE	-15.225	15.272	-22.046
315:GLU	320:ALA	-15.467	1.482	-23.384	-9.628	4.126	-28.89	355:SER	-16.219	11.578	-22.215
315:GLU	393:ARG	-15.467	1.482	-23.384	-11.378	1.202	-14.052	356:ILE	-17.874	11.776	-18.792
315:GLU	397:HIS	-15.467	1.482	-23.384	-8.863	-3.764	-15.231	357:VAL	-19.907	14.763	-19.945
316:PRO	319:GLN	-13.323	0.083	-26.215	-10.409	4.139	-25.167	358:GLU	-20.816	12.893	-23.111
316:PRO	320:ALA	-13.323	0.083	-26.215	-9.628	4.126	-28.89	359:TRP	-21.914	9.904	-21.046
316:PRO	321:LYS	-13.323	0.083	-26.215	-10.954	7.643	-29.38	360:ALA	-24.069	12.088	-18.797
317:GLN	320:ALA	-14.64	2.944	-28.362	-9.628	4.126	-28.89	361:ARG	-25.642	14.002	-21.665
317:GLN	321:LYS	-14.64	2.944	-28.362	-10.954	7.643	-29.38	362:SER	-26.955	10.791	-23.25
317:GLN	322:ILE	-14.64	2.944	-28.362	-8.921	9.197	-26.563	363:SER	-27.977	9.102	-20.02
318:VAL	321:LYS	-13.868	5.64	-25.78	-10.954	7.643	-29.38	364:ILE	-31.449	8.317	-18.751
318:VAL	322:ILE	-13.868	5.64	-25.78	-8.921	9.197	-26.563	365:PHE	-32.883	11.059	-16.495
318:VAL	323:MET	-13.868	5.64	-25.78	-5.793	7.257	-27.509	366:PHE	-29.952	13.481	-17.049
318:VAL	355:SER	-13.868	5.64	-25.78	-16.219	11.578	-22.215	367:ARG	-30.957	13.944	-20.682
319:GLN	322:ILE	-10.409	4.139	-25.167	-8.921	9.197	-26.563	368:GLU	-34.375	15.254	-19.552
319:GLN	323:MET	-10.409	4.139	-25.167	-5.793	7.257	-27.509	369:LEU	-32.775	18.245	-17.808
319:GLN	324:ALA	-10.409	4.139	-25.167	-6.098	8.456	-31.127	370:LYS	-32.321	21.718	-19.282
319:GLN	404:PHE	-10.409	4.139	-25.167	-4.87	0.99	-16.287	371:VAL	-28.663	22.504	-20.086
319:GLN	407:THR	-10.409	4.139	-25.167	-6.62	4.929	-23.214	372:ASP	-28.539	24.964	-17.124
320:ALA	323:MET	-9.628	4.126	-28.89	-5.793	7.257	-27.509	373:ASP	-29.49	22.157	-14.729
320:ALA	324:ALA	-9.628	4.126	-28.89	-6.098	8.456	-31.127	374:GLN	-27.105	19.746	-16.427
320:ALA	325:TYR	-9.628	4.126	-28.89	-6.655	12.062	-30.018	375:MET	-24.265	22.235	-15.826
321:LYS	324:ALA	-10.954	7.643	-29.38	-6.098	8.456	-31.127	376:LYS	-25.231	22.653	-12.181
321:LYS	325:TYR	-10.954	7.643	-29.38	-6.655	12.062	-30.018	377:LEU	-25.179	18.902	-11.51
321:LYS	326:LEU	-10.954	7.643	-29.38	-3.549	12.072	-27.799	378:LEU	-21.858	18.374	-13.32
321:LYS	351:GLN	-10.954	7.643	-29.38	-10.538	14.052	-22.731	379:GLN	-20.292	21.442	-11.723
321:LYS	358:GLU	-10.954	7.643	-29.38	-20.816	12.893	-23.111	380:ASN	-21.245	19.915	-8.38
322:ILE	325:TYR	-8.921	9.197	-26.563	-6.655	12.062	-30.018	381:CYS	-19.581	16.507	-8.919
322:ILE	326:LEU	-8.921	9.197	-26.563	-3.549	12.072	-27.799	382:TRP	-17.084	16.597	-11.81
322:ILE	327:GLN	-8.921	9.197	-26.563	-1.476	10.471	-30.572	383:SER	-14.034	15.681	-9.706
322:ILE	351:GLN	-8.921	9.197	-26.563	-10.538	14.052	-22.731	384:GLU	-15.903	12.921	-7.896
322:ILE	406:VAL	-8.921	9.197	-26.563	-8.425	5.619	-19.92	385:LEU	-16.968	11.389	-11.211
322:ILE	407:THR	-8.921	9.197	-26.563	-6.62	4.929	-23.214	386:LEU	-13.368	11.547	-12.438
323:MET	326:LEU	-5.793	7.257	-27.509	-3.549	12.072	-27.799	387:ILE	-12.16	9.711	-9.322
323:MET	327:GLN	-5.793	7.257	-27.509	-1.476	10.471	-30.572	388:LEU	-14.997	7.194	-9.317
323:MET	328:GLN	-5.793	7.257	-27.509	-2.564	12.997	-33.208	389:ASP	-14.335	6.486	-13.029
323:MET	407:THR	-5.793	7.257	-27.509	-6.62	4.929	-23.214	390:HIS	-10.626	5.962	-12.298
323:MET	409:GLN	-5.793	7.257	-27.509	-3.092	0.852	-21.76	391:ILE	-11.249	3.754	-9.291
324:ALA	327:GLN	-6.098	8.456	-31.127	-1.476	10.471	-30.572	392:TYR	-13.733	1.513	-11.063
324:ALA	328:GLN	-6.098	8.456	-31.127	-2.564	12.997	-33.208	393:ARG	-11.378	1.202	-14.052
324:ALA	329:GLU	-6.098	8.456	-31.127	-1.984	15.89	-30.785	394:GLN	-8.757	-0.163	-11.627
325:TYR	328:GLN	-6.655	12.062	-30.018	-2.564	12.997	-33.208	395:VAL	-11.249	-2.458	-9.89
325:TYR	329:GLU	-6.655	12.062	-30.018	-1.984	15.89	-30.785	396:VAL	-12.098	-4.122	-13.226
325:TYR	330:GLN	-6.655	12.062	-30.018	1.65	14.892	-30.336	397:HIS	-8.863	-3.764	-15.231
325:TYR	347:LYS	-6.655	12.062	-30.018	-4.933	16.666	-22.141	398:GLY	-6.068	-3.062	-12.759
325:TYR	351:GLN	-6.655	12.062	-30.018	-10.538	14.052	-22.731	399:LYS	-3.098	-5.369	-12.165
326:LEU	329:GLU	-3.549	12.072	-27.799	-1.984	15.89	-30.785	400:GLU	-0.775	-5.278	-9.157
326:LEU	330:GLN	-3.549	12.072	-27.799	1.65	14.892	-30.336	401:GLY	1.973	-2.751	-9.726
326:LEU	331:ALA	-3.549	12.072	-27.799	1.92	14.192	-34.075	402:SER	0.185	-1.081	-12.607
326:LEU	347:LYS	-3.549	12.072	-27.799	-4.933	16.666	-22.141	403:ILE	-2.382	1.568	-13.495
326:LEU	348:MET	-3.549	12.072	-27.799	-5.745	13.072	-21.192	404:PHE	-4.87	0.99	-16.287
326:LEU	407:THR	-3.549	12.072	-27.799	-6.62	4.929	-23.214	405:LEU	-5.334	4.225	-18.217
327:GLN	330:GLN	-1.476	10.471	-30.572	1.65	14.892	-30.336	406:VAL	-8.425	5.619	-19.92
327:GLN	331:ALA	-1.476	10.471	-30.572	1.92	14.192	-34.075	407:THR	-6.62	4.929	-23.214
327:GLN	332:ASN	-1.476	10.471	-30.572	0.503	17.571	-35.104	408:GLY	-6.789	1.172	-22.633
328:GLN	331:ALA	-2.564	12.997	-33.208	1.92	14.192	-34.075	409:GLN	-3.092	0.852	-21.76
328:GLN	332:ASN	-2.564	12.997	-33.208	0.503	17.571	-35.104	410:GLN	-1.444	-0.481	-18.577
328:GLN	333:ARG	-2.564	12.997	-33.208	3.138	19.275	-32.944	411:VAL	1.372	1.705	-17.204
329:GLU	332:ASN	-1.984	15.89	-30.785	0.503	17.571	-35.104	412:ASP	3.752	0.552	-14.511
329:GLU	333:ARG	-1.984	15.89	-30.785	3.138	19.275	-32.944	413:TYR	2.927	2.34	-11.27
329:GLU	347:LYS	-1.984	15.89	-30.785	-4.933	16.666	-22.141	414:SER	6.515	3.091	-10.316
330:GLN	333:ARG	1.65	14.892	-30.336	3.138	19.275	-32.944	415:ILE	7.008	4.878	-13.661
330:GLN	338:LYS	1.65	14.892	-30.336	6.148	18.952	-28.073	416:ILE	4.051	7.201	-13.347
330:GLN	339:LEU	1.65	14.892	-30.336	3.97	18.581	-24.979	417:ALA	4.722	7.734	-9.616
330:GLN	344:LEU	1.65	14.892	-30.336	-0.176	15.276	-21.746	418:SER	8.34	8.718	-10.412
331:ALA	338:LYS	1.92	14.192	-34.075	6.148	18.952	-28.073	419:GLN	7.052	11.43	-12.715
333:ARG	338:LYS	3.138	19.275	-32.944	6.148	18.952	-28.073	420:ALA	4.097	12.357	-10.537
334:SER	337:GLU	6.56	20.158	-34.364	6.335	22.497	-29.493	421:GLY	5.922	13.282	-7.345
334:SER	338:LYS	6.56	20.158	-34.364	6.148	18.952	-28.073	422:ALA	4.802	13.17	-3.734
335:LYS	338:LYS	9.755	19.32	-32.457	6.148	18.952	-28.073	423:THR	1.39	14.844	-3.931
339:LEU	343:GLY	3.97	18.581	-24.979	0.877	18.729	-20.528	424:LEU	0.013	12.956	-6.91
339:LEU	344:LEU	3.97	18.581	-24.979	-0.176	15.276	-21.746	425:ASN	1.59	9.72	-5.694
339:LEU	347:LYS	3.97	18.581	-24.979	-4.933	16.666	-22.141	426:ASN	-0.223	10.186	-2.384
340:SER	343:GLY	5.41	17.93	-21.519	0.877	18.729	-20.528	427:LEU	-3.541	10.656	-4.247
340:SER	344:LEU	5.41	17.93	-21.519	-0.176	15.276	-21.746	428:MET	-3.032	7.564	-6.427
340:SER	345:MET	5.41	17.93	-21.519	-1.635	14.39	-18.344	429:SER	-2.095	5.502	-3.377
341:THR	344:LEU	4.404	15.025	-19.293	-0.176	15.276	-21.746	430:HIS	-5.253	6.648	-1.567
341:THR	345:MET	4.404	15.025	-19.293	-1.635	14.39	-18.344	431:ALA	-7.262	5.719	-4.653
341:THR	346:CYS	4.404	15.025	-19.293	-3.762	17.526	-18.626	432:GLN	-5.587	2.283	-4.756
341:THR	419:GLN	4.404	15.025	-19.293	7.052	11.43	-12.715	433:GLU	-6.578	1.615	-1.155
342:PHE	345:MET	2.143	17.267	-17.252	-1.635	14.39	-18.344	434:LEU	-10.177	2.308	-2.143
342:PHE	346:CYS	2.143	17.267	-17.252	-3.762	17.526	-18.626	435:VAL	-9.792	-0.03	-5.149
342:PHE	347:LYS	2.143	17.267	-17.252	-4.933	16.666	-22.141	436:ALA	-8.618	-2.791	-2.796
342:PHE	516:TYR	2.143	17.267	-17.252	-3.21	19.341	-6.763	437:LYS	-11.485	-2.088	-0.408
342:PHE	520:LYS	2.143	17.267	-17.252	-0.348	23.536	-10.552	438:LEU	-14.032	-2.207	-3.217
342:PHE	525:ASP	2.143	17.267	-17.252	1.496	24.998	-15.146	439:ARG	-12.549	-5.472	-4.518
342:PHE	526:VAL	2.143	17.267	-17.252	-2.105	24.434	-16.302	440:SER	-12.835	-6.997	-1.032
343:GLY	346:CYS	0.877	18.729	-20.528	-3.762	17.526	-18.626	441:LEU	-16.486	-5.919	-0.989
343:GLY	347:LYS	0.877	18.729	-20.528	-4.933	16.666	-22.141	442:GLN	-17.022	-7.629	-4.37
343:GLY	348:MET	0.877	18.729	-20.528	-5.745	13.072	-21.192	443:PHE	-18.023	-4.279	-5.963
344:LEU	347:LYS	-0.176	15.276	-21.746	-4.933	16.666	-22.141	444:ASP	-19.749	-4.957	-9.281
344:LEU	348:MET	-0.176	15.276	-21.746	-5.745	13.072	-21.192	445:GLN	-20.932	-2.928	-12.238
344:LEU	349:ALA	-0.176	15.276	-21.746	-7.688	14.319	-18.166	446:ARG	-24.549	-2.778	-11.103
345:MET	348:MET	-1.635	14.39	-18.344	-5.745	13.072	-21.192	447:GLU	-23.422	-1.165	-7.843
345:MET	349:ALA	-1.635	14.39	-18.344	-7.688	14.319	-18.166	448:PHE	-21.023	1.108	-9.738
345:MET	350:ASP	-1.635	14.39	-18.344	-9.625	16.811	-20.29	449:VAL	-23.705	2.599	-11.963
345:MET	516:TYR	-1.635	14.39	-18.344	-3.21	19.341	-6.763	450:CYS	-25.946	3.186	-8.931
346:CYS	349:ALA	-3.762	17.526	-18.626	-7.688	14.319	-18.166	451:LEU	-23.155	5.046	-7.106
346:CYS	350:ASP	-3.762	17.526	-18.626	-9.625	16.811	-20.29	452:LYS	-22.458	7.072	-10.225
346:CYS	351:GLN	-3.762	17.526	-18.626	-10.538	14.052	-22.731	453:PHE	-26.066	8.229	-10.452
346:CYS	530:ASN	-3.762	17.526	-18.626	-8.24	23.298	-19.607	454:LEU	-26.125	9.009	-6.716
347:LYS	350:ASP	-4.933	16.666	-22.141	-9.625	16.811	-20.29	455:VAL	-22.996	11.143	-7.125
347:LYS	351:GLN	-4.933	16.666	-22.141	-10.538	14.052	-22.731	456:LEU	-24.417	12.862	-10.196
347:LYS	352:THR	-4.933	16.666	-22.141	-11.584	11.841	-19.824	457:PHE	-27.908	13.507	-8.759
348:MET	351:GLN	-5.745	13.072	-21.192	-10.538	14.052	-22.731	458:SER	-26.711	14.914	-5.46
348:MET	352:THR	-5.745	13.072	-21.192	-11.584	11.841	-19.824	459:LEU	-29.037	16.498	-2.902
348:MET	353:LEU	-5.745	13.072	-21.192	-13.893	14.564	-18.52	460:ASP	-26.59	19.298	-2.267
348:MET	405:LEU	-5.745	13.072	-21.192	-5.334	4.225	-18.217	461:VAL	-26.825	20.787	-5.759
348:MET	406:VAL	-5.745	13.072	-21.192	-8.425	5.619	-19.92	462:LYS	-27.777	24.448	-5.589
348:MET	407:THR	-5.745	13.072	-21.192	-6.62	4.929	-23.214	463:ASN	-30.5	26.306	-7.432
349:ALA	352:THR	-7.688	14.319	-18.166	-11.584	11.841	-19.824	464:LEU	-31.652	23.428	-9.624
349:ALA	353:LEU	-7.688	14.319	-18.166	-13.893	14.564	-18.52	465:GLU	-34.895	24.039	-11.518
349:ALA	354:PHE	-7.688	14.319	-18.166	-15.225	15.272	-22.046	466:ASN	-35.943	20.383	-11.689
349:ALA	532:LEU	-7.688	14.319	-18.166	-10.682	20.735	-15.298	467:PHE	-34.939	19.317	-8.215
350:ASP	353:LEU	-9.625	16.811	-20.29	-13.893	14.564	-18.52	468:GLN	-37.761	16.778	-8.333
350:ASP	354:PHE	-9.625	16.811	-20.29	-15.225	15.272	-22.046	469:LEU	-35.623	14.558	-10.555
350:ASP	355:SER	-9.625	16.811	-20.29	-16.219	11.578	-22.215	470:VAL	-32.848	14.655	-7.95
350:ASP	530:ASN	-9.625	16.811	-20.29	-8.24	23.298	-19.607	471:GLU	-35.346	13.698	-5.246
350:ASP	531:LEU	-9.625	16.811	-20.29	-11.726	22.045	-18.681	472:GLY	-36.71	10.886	-7.369
350:ASP	532:LEU	-9.625	16.811	-20.29	-10.682	20.735	-15.298	473:VAL	-33.399	9.503	-8.57
351:GLN	354:PHE	-10.538	14.052	-22.731	-15.225	15.272	-22.046	474:GLN	-32.058	9.562	-5.018
351:GLN	355:SER	-10.538	14.052	-22.731	-16.219	11.578	-22.215	475:GLU	-35.068	7.773	-3.59
351:GLN	356:ILE	-10.538	14.052	-22.731	-17.874	11.776	-18.792	476:GLN	-35.307	5.168	-6.325
352:THR	355:SER	-11.584	11.841	-19.824	-16.219	11.578	-22.215	477:VAL	-31.625	4.42	-6.935
352:THR	356:ILE	-11.584	11.841	-19.824	-17.874	11.776	-18.792	478:ASN	-30.938	3.996	-3.205
352:THR	357:VAL	-11.584	11.841	-19.824	-19.907	14.763	-19.945	479:ALA	-33.917	1.617	-2.973
352:THR	386:LEU	-11.584	11.841	-19.824	-13.368	11.547	-12.438	480:ALA	-32.808	-0.351	-6.046
353:LEU	356:ILE	-13.893	14.564	-18.52	-17.874	11.776	-18.792	481:LEU	-29.206	-0.621	-4.813
353:LEU	357:VAL	-13.893	14.564	-18.52	-19.907	14.763	-19.945	482:LEU	-30.441	-1.954	-1.485
353:LEU	358:GLU	-13.893	14.564	-18.52	-20.816	12.893	-23.111	483:ASP	-32.739	-4.484	-3.183
353:LEU	382:TRP	-13.893	14.564	-18.52	-17.084	16.597	-11.81	484:TYR	-29.948	-5.536	-5.545
353:LEU	386:LEU	-13.893	14.564	-18.52	-13.368	11.547	-12.438	485:THR	-27.264	-6.027	-2.863
353:LEU	531:LEU	-13.893	14.564	-18.52	-11.726	22.045	-18.681	486:MET	-29.648	-7.903	-0.552
353:LEU	532:LEU	-13.893	14.564	-18.52	-10.682	20.735	-15.298	487:CYS	-30.713	-10.222	-3.394
353:LEU	535:MET	-13.893	14.564	-18.52	-14.62	23.463	-13.653	488:ASN	-27.373	-10.824	-5.038
354:PHE	357:VAL	-15.225	15.272	-22.046	-19.907	14.763	-19.945	489:TYR	-25.029	-10.647	-2.048
354:PHE	358:GLU	-15.225	15.272	-22.046	-20.816	12.893	-23.111	490:PRO	-27.148	-12.175	0.735
354:PHE	359:TRP	-15.225	15.272	-22.046	-21.914	9.904	-21.046	491:GLN	-23.995	-13.259	2.534
354:PHE	531:LEU	-15.225	15.272	-22.046	-11.726	22.045	-18.681	492:GLN	-22.861	-9.628	2.908
355:SER	358:GLU	-16.219	11.578	-22.215	-20.816	12.893	-23.111	493:THR	-25.627	-8.339	5.173
355:SER	359:TRP	-16.219	11.578	-22.215	-21.914	9.904	-21.046	494:GLU	-24.134	-4.821	5.388
355:SER	360:ALA	-16.219	11.578	-22.215	-24.069	12.088	-18.797	495:LYS	-23.013	-4.38	1.781
356:ILE	359:TRP	-17.874	11.776	-18.792	-21.914	9.904	-21.046	496:PHE	-25.402	-1.544	0.965
356:ILE	360:ALA	-17.874	11.776	-18.792	-24.069	12.088	-18.797	497:GLY	-24.138	0.687	3.793
356:ILE	361:ARG	-17.874	11.776	-18.792	-25.642	14.002	-21.665	498:GLN	-20.533	-0.35	3.118
356:ILE	385:LEU	-17.874	11.776	-18.792	-16.968	11.389	-11.211	499:LEU	-20.85	0.822	-0.514
356:ILE	386:LEU	-17.874	11.776	-18.792	-13.368	11.547	-12.438	500:LEU	-22.348	4.18	0.501
357:VAL	360:ALA	-19.907	14.763	-19.945	-24.069	12.088	-18.797	501:LEU	-19.552	4.769	2.996
357:VAL	361:ARG	-19.907	14.763	-19.945	-25.642	14.002	-21.665	502:ARG	-17.103	4.801	0.083
357:VAL	362:SER	-19.907	14.763	-19.945	-26.955	10.791	-23.25	503:LEU	-18.728	7.972	-1.299
358:GLU	361:ARG	-20.816	12.893	-23.111	-25.642	14.002	-21.665	504:PRO	-17.23	10.285	1.341
358:GLU	362:SER	-20.816	12.893	-23.111	-26.955	10.791	-23.25	505:GLU	-13.903	8.639	0.642
358:GLU	363:SER	-20.816	12.893	-23.111	-27.977	9.102	-20.02	506:ILE	-14.3	9.317	-3.083
359:TRP	362:SER	-21.914	9.904	-21.046	-26.955	10.791	-23.25	507:ARG	-15.074	12.918	-2.203
359:TRP	363:SER	-21.914	9.904	-21.046	-27.977	9.102	-20.02	508:ALA	-11.907	13.134	-0.044
359:TRP	452:LYS	-21.914	9.904	-21.046	-22.458	7.072	-10.225	509:ILE	-9.77	11.906	-2.929
359:TRP	453:PHE	-21.914	9.904	-21.046	-26.066	8.229	-10.452	510:SER	-11.518	14.398	-5.245
359:TRP	456:LEU	-21.914	9.904	-21.046	-24.417	12.862	-10.196	511:MET	-10.572	17.24	-2.862
360:ALA	363:SER	-24.069	12.088	-18.797	-27.977	9.102	-20.02	512:GLN	-6.958	16.052	-3.023
360:ALA	366:PHE	-24.069	12.088	-18.797	-29.952	13.481	-17.049	513:ALA	-7.212	16.133	-6.818
363:SER	366:PHE	-27.977	9.102	-20.02	-29.952	13.481	-17.049	514:GLU	-8.661	19.626	-6.873
363:SER	367:ARG	-27.977	9.102	-20.02	-30.957	13.944	-20.682	515:GLU	-5.924	20.791	-4.489
363:SER	368:GLU	-27.977	9.102	-20.02	-34.375	15.254	-19.552	516:TYR	-3.21	19.341	-6.763
363:SER	453:PHE	-27.977	9.102	-20.02	-26.066	8.229	-10.452	517:LEU	-4.786	20.978	-9.779
364:ILE	367:ARG	-31.449	8.317	-18.751	-30.957	13.944	-20.682	518:TYR	-5.099	24.32	-8.005
364:ILE	453:PHE	-31.449	8.317	-18.751	-26.066	8.229	-10.452	519:TYR	-1.414	24.36	-6.973
365:PHE	368:GLU	-32.883	11.059	-16.495	-34.375	15.254	-19.552	520:LYS	-0.348	23.536	-10.552
365:PHE	369:LEU	-32.883	11.059	-16.495	-32.775	18.245	-17.808	521:HIS	-2.519	26.439	-11.624
365:PHE	453:PHE	-32.883	11.059	-16.495	-26.066	8.229	-10.452	522:LEU	-0.947	28.781	-9.035
365:PHE	457:PHE	-32.883	11.059	-16.495	-27.908	13.507	-8.759	523:ASN	2.396	27.783	-10.557
365:PHE	469:LEU	-32.883	11.059	-16.495	-35.623	14.558	-10.555	524:GLY	1.255	28.672	-14.077
365:PHE	473:VAL	-32.883	11.059	-16.495	-33.399	9.503	-8.57	525:ASP	1.496	24.998	-15.146
366:PHE	369:LEU	-29.952	13.481	-17.049	-32.775	18.245	-17.808	526:VAL	-2.105	24.434	-16.302
366:PHE	374:GLN	-29.952	13.481	-17.049	-27.105	19.746	-16.427	527:PRO	-2.929	25.505	-19.881
366:PHE	377:LEU	-29.952	13.481	-17.049	-25.179	18.902	-11.51	528:TYR	-5.611	28.121	-20.38
366:PHE	378:LEU	-29.952	13.481	-17.049	-21.858	18.374	-13.32	529:ASN	-9.142	26.746	-20.844
366:PHE	456:LEU	-29.952	13.481	-17.049	-24.417	12.862	-10.196	530:ASN	-8.24	23.298	-19.607
366:PHE	457:PHE	-29.952	13.481	-17.049	-27.908	13.507	-8.759	531:LEU	-11.726	22.045	-18.681
369:LEU	373:ASP	-32.775	18.245	-17.808	-29.49	22.157	-14.729	532:LEU	-10.682	20.735	-15.298
369:LEU	374:GLN	-32.775	18.245	-17.808	-27.105	19.746	-16.427	533:ILE	-9.398	24.17	-14.303
369:LEU	377:LEU	-32.775	18.245	-17.808	-25.179	18.902	-11.51	534:GLU	-12.51	25.766	-15.862
369:LEU	457:PHE	-32.775	18.245	-17.808	-27.908	13.507	-8.759	535:MET	-14.62	23.463	-13.653
369:LEU	466:ASN	-32.775	18.245	-17.808	-35.943	20.383	-11.689	536:LEU	-12.525	24.528	-10.673
369:LEU	469:LEU	-32.775	18.245	-17.808	-35.623	14.558	-10.555	537:HIS	-12.824	28.228	-11.535
370:LYS	373:ASP	-32.321	21.718	-19.282	-29.49	22.157	-14.729	538:ALA	-16.463	27.223	-11.166
370:LYS	374:GLN	-32.321	21.718	-19.282	-27.105	19.746	-16.427				
370:LYS	375:MET	-32.321	21.718	-19.282	-24.265	22.235	-15.826				
371:VAL	374:GLN	-28.663	22.504	-20.086	-27.105	19.746	-16.427				
371:VAL	375:MET	-28.663	22.504	-20.086	-24.265	22.235	-15.826				
371:VAL	376:LYS	-28.663	22.504	-20.086	-25.231	22.653	-12.181				
372:ASP	375:MET	-28.539	24.964	-17.124	-24.265	22.235	-15.826				
372:ASP	376:LYS	-28.539	24.964	-17.124	-25.231	22.653	-12.181				
372:ASP	377:LEU	-28.539	24.964	-17.124	-25.179	18.902	-11.51				
373:ASP	376:LYS	-29.49	22.157	-14.729	-25.231	22.653	-12.181				
373:ASP	377:LEU	-29.49	22.157	-14.729	-25.179	18.902	-11.51				
373:ASP	378:LEU	-29.49	22.157	-14.729	-21.858	18.374	-13.32				
373:ASP	464:LEU	-29.49	22.157	-14.729	-31.652	23.428	-9.624				
373:ASP	465:GLU	-29.49	22.157	-14.729	-34.895	24.039	-11.518				
373:ASP	466:ASN	-29.49	22.157	-14.729	-35.943	20.383	-11.689				
374:GLN	377:LEU	-27.105	19.746	-16.427	-25.179	18.902	-11.51				
374:GLN	378:LEU	-27.105	19.746	-16.427	-21.858	18.374	-13.32				
374:GLN	379:GLN	-27.105	19.746	-16.427	-20.292	21.442	-11.723				
375:MET	378:LEU	-24.265	22.235	-15.826	-21.858	18.374	-13.32				
375:MET	379:GLN	-24.265	22.235	-15.826	-20.292	21.442	-11.723				
375:MET	380:ASN	-24.265	22.235	-15.826	-21.245	19.915	-8.38				
376:LYS	379:GLN	-25.231	22.653	-12.181	-20.292	21.442	-11.723				
376:LYS	380:ASN	-25.231	22.653	-12.181	-21.245	19.915	-8.38				
376:LYS	381:CYS	-25.231	22.653	-12.181	-19.581	16.507	-8.919				
376:LYS	461:VAL	-25.231	22.653	-12.181	-26.825	20.787	-5.759				
376:LYS	463:ASN	-25.231	22.653	-12.181	-30.5	26.306	-7.432				
376:LYS	464:LEU	-25.231	22.653	-12.181	-31.652	23.428	-9.624				
377:LEU	380:ASN	-25.179	18.902	-11.51	-21.245	19.915	-8.38				
377:LEU	381:CYS	-25.179	18.902	-11.51	-19.581	16.507	-8.919				
377:LEU	456:LEU	-25.179	18.902	-11.51	-24.417	12.862	-10.196				
377:LEU	457:PHE	-25.179	18.902	-11.51	-27.908	13.507	-8.759				
377:LEU	461:VAL	-25.179	18.902	-11.51	-26.825	20.787	-5.759				
377:LEU	464:LEU	-25.179	18.902	-11.51	-31.652	23.428	-9.624				
377:LEU	470:VAL	-25.179	18.902	-11.51	-32.848	14.655	-7.95				
378:LEU	381:CYS	-21.858	18.374	-13.32	-19.581	16.507	-8.919				
378:LEU	382:TRP	-21.858	18.374	-13.32	-17.084	16.597	-11.81				
378:LEU	385:LEU	-21.858	18.374	-13.32	-16.968	11.389	-11.211				
378:LEU	456:LEU	-21.858	18.374	-13.32	-24.417	12.862	-10.196				
378:LEU	535:MET	-21.858	18.374	-13.32	-14.62	23.463	-13.653				
379:GLN	382:TRP	-20.292	21.442	-11.723	-17.084	16.597	-11.81				
379:GLN	535:MET	-20.292	21.442	-11.723	-14.62	23.463	-13.653				
379:GLN	538:ALA	-20.292	21.442	-11.723	-16.463	27.223	-11.166				
380:ASN	458:SER	-21.245	19.915	-8.38	-26.711	14.914	-5.46				
380:ASN	460:ASP	-21.245	19.915	-8.38	-26.59	19.298	-2.267				
380:ASN	462:LYS	-21.245	19.915	-8.38	-27.777	24.448	-5.589				
381:CYS	384:GLU	-19.581	16.507	-8.919	-15.903	12.921	-7.896				
381:CYS	385:LEU	-19.581	16.507	-8.919	-16.968	11.389	-11.211				
381:CYS	386:LEU	-19.581	16.507	-8.919	-13.368	11.547	-12.438				
381:CYS	455:VAL	-19.581	16.507	-8.919	-22.996	11.143	-7.125				
381:CYS	456:LEU	-19.581	16.507	-8.919	-24.417	12.862	-10.196				
382:TRP	385:LEU	-17.084	16.597	-11.81	-16.968	11.389	-11.211				
382:TRP	386:LEU	-17.084	16.597	-11.81	-13.368	11.547	-12.438				
382:TRP	387:ILE	-17.084	16.597	-11.81	-12.16	9.711	-9.322				
382:TRP	514:GLU	-17.084	16.597	-11.81	-8.661	19.626	-6.873				
382:TRP	532:LEU	-17.084	16.597	-11.81	-10.682	20.735	-15.298				
382:TRP	535:MET	-17.084	16.597	-11.81	-14.62	23.463	-13.653				
383:SER	386:LEU	-14.034	15.681	-9.706	-13.368	11.547	-12.438				
383:SER	387:ILE	-14.034	15.681	-9.706	-12.16	9.711	-9.322				
383:SER	388:LEU	-14.034	15.681	-9.706	-14.997	7.194	-9.317				
383:SER	510:SER	-14.034	15.681	-9.706	-11.518	14.398	-5.245				
383:SER	514:GLU	-14.034	15.681	-9.706	-8.661	19.626	-6.873				
384:GLU	387:ILE	-15.903	12.921	-7.896	-12.16	9.711	-9.322				
384:GLU	388:LEU	-15.903	12.921	-7.896	-14.997	7.194	-9.317				
384:GLU	389:ASP	-15.903	12.921	-7.896	-14.335	6.486	-13.029				
384:GLU	455:VAL	-15.903	12.921	-7.896	-22.996	11.143	-7.125				
384:GLU	506:ILE	-15.903	12.921	-7.896	-14.3	9.317	-3.083				
384:GLU	507:ARG	-15.903	12.921	-7.896	-15.074	12.918	-2.203				
384:GLU	510:SER	-15.903	12.921	-7.896	-11.518	14.398	-5.245				
385:LEU	388:LEU	-16.968	11.389	-11.211	-14.997	7.194	-9.317				
385:LEU	389:ASP	-16.968	11.389	-11.211	-14.335	6.486	-13.029				
385:LEU	390:HIS	-16.968	11.389	-11.211	-10.626	5.962	-12.298				
385:LEU	452:LYS	-16.968	11.389	-11.211	-22.458	7.072	-10.225				
385:LEU	455:VAL	-16.968	11.389	-11.211	-22.996	11.143	-7.125				
386:LEU	389:ASP	-13.368	11.547	-12.438	-14.335	6.486	-13.029				
386:LEU	390:HIS	-13.368	11.547	-12.438	-10.626	5.962	-12.298				
386:LEU	391:ILE	-13.368	11.547	-12.438	-11.249	3.754	-9.291				
386:LEU	532:LEU	-13.368	11.547	-12.438	-10.682	20.735	-15.298				
387:ILE	390:HIS	-12.16	9.711	-9.322	-10.626	5.962	-12.298				
387:ILE	391:ILE	-12.16	9.711	-9.322	-11.249	3.754	-9.291				
387:ILE	392:TYR	-12.16	9.711	-9.322	-13.733	1.513	-11.063				
387:ILE	506:ILE	-12.16	9.711	-9.322	-14.3	9.317	-3.083				
387:ILE	509:ILE	-12.16	9.711	-9.322	-9.77	11.906	-2.929				
387:ILE	510:SER	-12.16	9.711	-9.322	-11.518	14.398	-5.245				
388:LEU	391:ILE	-14.997	7.194	-9.317	-11.249	3.754	-9.291				
388:LEU	392:TYR	-14.997	7.194	-9.317	-13.733	1.513	-11.063				
388:LEU	393:ARG	-14.997	7.194	-9.317	-11.378	1.202	-14.052				
388:LEU	448:PHE	-14.997	7.194	-9.317	-21.023	1.108	-9.738				
388:LEU	452:LYS	-14.997	7.194	-9.317	-22.458	7.072	-10.225				
388:LEU	506:ILE	-14.997	7.194	-9.317	-14.3	9.317	-3.083				
389:ASP	392:TYR	-14.335	6.486	-13.029	-13.733	1.513	-11.063				
389:ASP	393:ARG	-14.335	6.486	-13.029	-11.378	1.202	-14.052				
389:ASP	394:GLN	-14.335	6.486	-13.029	-8.757	-0.163	-11.627				
390:HIS	393:ARG	-10.626	5.962	-12.298	-11.378	1.202	-14.052				
390:HIS	394:GLN	-10.626	5.962	-12.298	-8.757	-0.163	-11.627				
390:HIS	395:VAL	-10.626	5.962	-12.298	-11.249	-2.458	-9.89				
390:HIS	403:ILE	-10.626	5.962	-12.298	-2.382	1.568	-13.495				
390:HIS	404:PHE	-10.626	5.962	-12.298	-4.87	0.99	-16.287				
390:HIS	428:MET	-10.626	5.962	-12.298	-3.032	7.564	-6.427				
390:HIS	431:ALA	-10.626	5.962	-12.298	-7.262	5.719	-4.653				
391:ILE	394:GLN	-11.249	3.754	-9.291	-8.757	-0.163	-11.627				
391:ILE	395:VAL	-11.249	3.754	-9.291	-11.249	-2.458	-9.89				
391:ILE	396:VAL	-11.249	3.754	-9.291	-12.098	-4.122	-13.226				
391:ILE	431:ALA	-11.249	3.754	-9.291	-7.262	5.719	-4.653				
391:ILE	434:LEU	-11.249	3.754	-9.291	-10.177	2.308	-2.143				
391:ILE	435:VAL	-11.249	3.754	-9.291	-9.792	-0.03	-5.149				
391:ILE	438:LEU	-11.249	3.754	-9.291	-14.032	-2.207	-3.217				
391:ILE	506:ILE	-11.249	3.754	-9.291	-14.3	9.317	-3.083				
392:TYR	395:VAL	-13.733	1.513	-11.063	-11.249	-2.458	-9.89				
392:TYR	396:VAL	-13.733	1.513	-11.063	-12.098	-4.122	-13.226				
392:TYR	397:HIS	-13.733	1.513	-11.063	-8.863	-3.764	-15.231				
392:TYR	443:PHE	-13.733	1.513	-11.063	-18.023	-4.279	-5.963				
392:TYR	445:GLN	-13.733	1.513	-11.063	-20.932	-2.928	-12.238				
392:TYR	448:PHE	-13.733	1.513	-11.063	-21.023	1.108	-9.738				
393:ARG	396:VAL	-11.378	1.202	-14.052	-12.098	-4.122	-13.226				
393:ARG	397:HIS	-11.378	1.202	-14.052	-8.863	-3.764	-15.231				
393:ARG	398:GLY	-11.378	1.202	-14.052	-6.068	-3.062	-12.759				
393:ARG	404:PHE	-11.378	1.202	-14.052	-4.87	0.99	-16.287				
393:ARG	405:LEU	-11.378	1.202	-14.052	-5.334	4.225	-18.217				
393:ARG	406:VAL	-11.378	1.202	-14.052	-8.425	5.619	-19.92				
394:GLN	397:HIS	-8.757	-0.163	-11.627	-8.863	-3.764	-15.231				
394:GLN	398:GLY	-8.757	-0.163	-11.627	-6.068	-3.062	-12.759				
394:GLN	403:ILE	-8.757	-0.163	-11.627	-2.382	1.568	-13.495				
394:GLN	404:PHE	-8.757	-0.163	-11.627	-4.87	0.99	-16.287				
394:GLN	435:VAL	-8.757	-0.163	-11.627	-9.792	-0.03	-5.149				
394:GLN	439:ARG	-8.757	-0.163	-11.627	-12.549	-5.472	-4.518				
395:VAL	398:GLY	-11.249	-2.458	-9.89	-6.068	-3.062	-12.759				
395:VAL	435:VAL	-11.249	-2.458	-9.89	-9.792	-0.03	-5.149				
395:VAL	438:LEU	-11.249	-2.458	-9.89	-14.032	-2.207	-3.217				
395:VAL	439:ARG	-11.249	-2.458	-9.89	-12.549	-5.472	-4.518				
397:HIS	404:PHE	-8.863	-3.764	-15.231	-4.87	0.99	-16.287				
398:GLY	439:ARG	-6.068	-3.062	-12.759	-12.549	-5.472	-4.518				
399:LYS	402:SER	-3.098	-5.369	-12.165	0.185	-1.081	-12.607				
399:LYS	410:GLN	-3.098	-5.369	-12.165	-1.444	-0.481	-18.577				
401:GLY	413:TYR	1.973	-2.751	-9.726	2.927	2.34	-11.27				
401:GLY	414:SER	1.973	-2.751	-9.726	6.515	3.091	-10.316				
402:SER	410:GLN	0.185	-1.081	-12.607	-1.444	-0.481	-18.577				
402:SER	411:VAL	0.185	-1.081	-12.607	1.372	1.705	-17.204				
402:SER	413:TYR	0.185	-1.081	-12.607	2.927	2.34	-11.27				
403:ILE	410:GLN	-2.382	1.568	-13.495	-1.444	-0.481	-18.577				
403:ILE	411:VAL	-2.382	1.568	-13.495	1.372	1.705	-17.204				
403:ILE	413:TYR	-2.382	1.568	-13.495	2.927	2.34	-11.27				
404:PHE	408:GLY	-4.87	0.99	-16.287	-6.789	1.172	-22.633				
404:PHE	409:GLN	-4.87	0.99	-16.287	-3.092	0.852	-21.76				
404:PHE	410:GLN	-4.87	0.99	-16.287	-1.444	-0.481	-18.577				
405:LEU	408:GLY	-5.334	4.225	-18.217	-6.789	1.172	-22.633				
405:LEU	409:GLN	-5.334	4.225	-18.217	-3.092	0.852	-21.76				
405:LEU	411:VAL	-5.334	4.225	-18.217	1.372	1.705	-17.204				
412:ASP	415:ILE	3.752	0.552	-14.511	7.008	4.878	-13.661				
412:ASP	416:ILE	3.752	0.552	-14.511	4.051	7.201	-13.347				
412:ASP	417:ALA	3.752	0.552	-14.511	4.722	7.734	-9.616				
413:TYR	416:ILE	2.927	2.34	-11.27	4.051	7.201	-13.347				
413:TYR	417:ALA	2.927	2.34	-11.27	4.722	7.734	-9.616				
413:TYR	418:SER	2.927	2.34	-11.27	8.34	8.718	-10.412				
413:TYR	425:ASN	2.927	2.34	-11.27	1.59	9.72	-5.694				
413:TYR	428:MET	2.927	2.34	-11.27	-3.032	7.564	-6.427				
414:SER	417:ALA	6.515	3.091	-10.316	4.722	7.734	-9.616				
414:SER	418:SER	6.515	3.091	-10.316	8.34	8.718	-10.412				
414:SER	419:GLN	6.515	3.091	-10.316	7.052	11.43	-12.715				
415:ILE	418:SER	7.008	4.878	-13.661	8.34	8.718	-10.412				
415:ILE	419:GLN	7.008	4.878	-13.661	7.052	11.43	-12.715				
415:ILE	420:ALA	7.008	4.878	-13.661	4.097	12.357	-10.537				
416:ILE	419:GLN	4.051	7.201	-13.347	7.052	11.43	-12.715				
416:ILE	420:ALA	4.051	7.201	-13.347	4.097	12.357	-10.537				
416:ILE	421:GLY	4.051	7.201	-13.347	5.922	13.282	-7.345				
416:ILE	428:MET	4.051	7.201	-13.347	-3.032	7.564	-6.427				
417:ALA	420:ALA	4.722	7.734	-9.616	4.097	12.357	-10.537				
417:ALA	421:GLY	4.722	7.734	-9.616	5.922	13.282	-7.345				
417:ALA	425:ASN	4.722	7.734	-9.616	1.59	9.72	-5.694				
418:SER	421:GLY	8.34	8.718	-10.412	5.922	13.282	-7.345				
420:ALA	423:THR	4.097	12.357	-10.537	1.39	14.844	-3.931				
420:ALA	424:LEU	4.097	12.357	-10.537	0.013	12.956	-6.91				
420:ALA	425:ASN	4.097	12.357	-10.537	1.59	9.72	-5.694				
420:ALA	428:MET	4.097	12.357	-10.537	-3.032	7.564	-6.427				
421:GLY	424:LEU	5.922	13.282	-7.345	0.013	12.956	-6.91				
421:GLY	425:ASN	5.922	13.282	-7.345	1.59	9.72	-5.694				
421:GLY	426:ASN	5.922	13.282	-7.345	-0.223	10.186	-2.384				
422:ALA	425:ASN	4.802	13.17	-3.734	1.59	9.72	-5.694				
422:ALA	426:ASN	4.802	13.17	-3.734	-0.223	10.186	-2.384				
422:ALA	427:LEU	4.802	13.17	-3.734	-3.541	10.656	-4.247				
423:THR	426:ASN	1.39	14.844	-3.931	-0.223	10.186	-2.384				
423:THR	427:LEU	1.39	14.844	-3.931	-3.541	10.656	-4.247				
423:THR	428:MET	1.39	14.844	-3.931	-3.032	7.564	-6.427				
423:THR	516:TYR	1.39	14.844	-3.931	-3.21	19.341	-6.763				
424:LEU	427:LEU	0.013	12.956	-6.91	-3.541	10.656	-4.247				
424:LEU	428:MET	0.013	12.956	-6.91	-3.032	7.564	-6.427				
424:LEU	429:SER	0.013	12.956	-6.91	-2.095	5.502	-3.377				
424:LEU	516:TYR	0.013	12.956	-6.91	-3.21	19.341	-6.763				
425:ASN	428:MET	1.59	9.72	-5.694	-3.032	7.564	-6.427				
425:ASN	429:SER	1.59	9.72	-5.694	-2.095	5.502	-3.377				
425:ASN	430:HIS	1.59	9.72	-5.694	-5.253	6.648	-1.567				
426:ASN	429:SER	-0.223	10.186	-2.384	-2.095	5.502	-3.377				
426:ASN	430:HIS	-0.223	10.186	-2.384	-5.253	6.648	-1.567				
426:ASN	431:ALA	-0.223	10.186	-2.384	-7.262	5.719	-4.653				
427:LEU	430:HIS	-3.541	10.656	-4.247	-5.253	6.648	-1.567				
427:LEU	431:ALA	-3.541	10.656	-4.247	-7.262	5.719	-4.653				
427:LEU	432:GLN	-3.541	10.656	-4.247	-5.587	2.283	-4.756				
427:LEU	509:ILE	-3.541	10.656	-4.247	-9.77	11.906	-2.929				
427:LEU	512:GLN	-3.541	10.656	-4.247	-6.958	16.052	-3.023				
427:LEU	513:ALA	-3.541	10.656	-4.247	-7.212	16.133	-6.818				
428:MET	431:ALA	-3.032	7.564	-6.427	-7.262	5.719	-4.653				
428:MET	432:GLN	-3.032	7.564	-6.427	-5.587	2.283	-4.756				
428:MET	433:GLU	-3.032	7.564	-6.427	-6.578	1.615	-1.155				
429:SER	432:GLN	-2.095	5.502	-3.377	-5.587	2.283	-4.756				
429:SER	433:GLU	-2.095	5.502	-3.377	-6.578	1.615	-1.155				
429:SER	434:LEU	-2.095	5.502	-3.377	-10.177	2.308	-2.143				
430:HIS	433:GLU	-5.253	6.648	-1.567	-6.578	1.615	-1.155				
430:HIS	434:LEU	-5.253	6.648	-1.567	-10.177	2.308	-2.143				
430:HIS	435:VAL	-5.253	6.648	-1.567	-9.792	-0.03	-5.149				
430:HIS	509:ILE	-5.253	6.648	-1.567	-9.77	11.906	-2.929				
430:HIS	512:GLN	-5.253	6.648	-1.567	-6.958	16.052	-3.023				
431:ALA	434:LEU	-7.262	5.719	-4.653	-10.177	2.308	-2.143				
431:ALA	435:VAL	-7.262	5.719	-4.653	-9.792	-0.03	-5.149				
431:ALA	436:ALA	-7.262	5.719	-4.653	-8.618	-2.791	-2.796				
432:GLN	435:VAL	-5.587	2.283	-4.756	-9.792	-0.03	-5.149				
432:GLN	436:ALA	-5.587	2.283	-4.756	-8.618	-2.791	-2.796				
432:GLN	437:LYS	-5.587	2.283	-4.756	-11.485	-2.088	-0.408				
433:GLU	436:ALA	-6.578	1.615	-1.155	-8.618	-2.791	-2.796				
433:GLU	437:LYS	-6.578	1.615	-1.155	-11.485	-2.088	-0.408				
433:GLU	438:LEU	-6.578	1.615	-1.155	-14.032	-2.207	-3.217				
434:LEU	437:LYS	-10.177	2.308	-2.143	-11.485	-2.088	-0.408				
434:LEU	438:LEU	-10.177	2.308	-2.143	-14.032	-2.207	-3.217				
434:LEU	439:ARG	-10.177	2.308	-2.143	-12.549	-5.472	-4.518				
434:LEU	502:ARG	-10.177	2.308	-2.143	-17.103	4.801	0.083				
434:LEU	505:GLU	-10.177	2.308	-2.143	-13.903	8.639	0.642				
434:LEU	506:ILE	-10.177	2.308	-2.143	-14.3	9.317	-3.083				
434:LEU	509:ILE	-10.177	2.308	-2.143	-9.77	11.906	-2.929				
435:VAL	438:LEU	-9.792	-0.03	-5.149	-14.032	-2.207	-3.217				
435:VAL	439:ARG	-9.792	-0.03	-5.149	-12.549	-5.472	-4.518				
435:VAL	440:SER	-9.792	-0.03	-5.149	-12.835	-6.997	-1.032				
436:ALA	439:ARG	-8.618	-2.791	-2.796	-12.549	-5.472	-4.518				
436:ALA	440:SER	-8.618	-2.791	-2.796	-12.835	-6.997	-1.032				
436:ALA	441:LEU	-8.618	-2.791	-2.796	-16.486	-5.919	-0.989				
437:LYS	440:SER	-11.485	-2.088	-0.408	-12.835	-6.997	-1.032				
437:LYS	441:LEU	-11.485	-2.088	-0.408	-16.486	-5.919	-0.989				
437:LYS	442:GLN	-11.485	-2.088	-0.408	-17.022	-7.629	-4.37				
437:LYS	498:GLN	-11.485	-2.088	-0.408	-20.533	-0.35	3.118				
437:LYS	502:ARG	-11.485	-2.088	-0.408	-17.103	4.801	0.083				
438:LEU	441:LEU	-14.032	-2.207	-3.217	-16.486	-5.919	-0.989				
438:LEU	443:PHE	-14.032	-2.207	-3.217	-18.023	-4.279	-5.963				
438:LEU	502:ARG	-14.032	-2.207	-3.217	-17.103	4.801	0.083				
439:ARG	442:GLN	-12.549	-5.472	-4.518	-17.022	-7.629	-4.37				
439:ARG	443:PHE	-12.549	-5.472	-4.518	-18.023	-4.279	-5.963				
441:LEU	492:GLN	-16.486	-5.919	-0.989	-22.861	-9.628	2.908				
441:LEU	498:GLN	-16.486	-5.919	-0.989	-20.533	-0.35	3.118				
442:GLN	489:TYR	-17.022	-7.629	-4.37	-25.029	-10.647	-2.048				
442:GLN	492:GLN	-17.022	-7.629	-4.37	-22.861	-9.628	2.908				
442:GLN	495:LYS	-17.022	-7.629	-4.37	-23.013	-4.38	1.781				
443:PHE	447:GLU	-18.023	-4.279	-5.963	-23.422	-1.165	-7.843				
443:PHE	448:PHE	-18.023	-4.279	-5.963	-21.023	1.108	-9.738				
443:PHE	451:LEU	-18.023	-4.279	-5.963	-23.155	5.046	-7.106				
443:PHE	499:LEU	-18.023	-4.279	-5.963	-20.85	0.822	-0.514				
444:ASP	447:GLU	-19.749	-4.957	-9.281	-23.422	-1.165	-7.843				
444:ASP	448:PHE	-19.749	-4.957	-9.281	-21.023	1.108	-9.738				
444:ASP	449:VAL	-19.749	-4.957	-9.281	-23.705	2.599	-11.963				
444:ASP	484:TYR	-19.749	-4.957	-9.281	-29.948	-5.536	-5.545				
444:ASP	489:TYR	-19.749	-4.957	-9.281	-25.029	-10.647	-2.048				
444:ASP	495:LYS	-19.749	-4.957	-9.281	-23.013	-4.38	1.781				
445:GLN	448:PHE	-20.932	-2.928	-12.238	-21.023	1.108	-9.738				
445:GLN	449:VAL	-20.932	-2.928	-12.238	-23.705	2.599	-11.963				
445:GLN	450:CYS	-20.932	-2.928	-12.238	-25.946	3.186	-8.931				
446:ARG	449:VAL	-24.549	-2.778	-11.103	-23.705	2.599	-11.963				
446:ARG	450:CYS	-24.549	-2.778	-11.103	-25.946	3.186	-8.931				
446:ARG	451:LEU	-24.549	-2.778	-11.103	-23.155	5.046	-7.106				
446:ARG	484:TYR	-24.549	-2.778	-11.103	-29.948	-5.536	-5.545				
446:ARG	489:TYR	-24.549	-2.778	-11.103	-25.029	-10.647	-2.048				
447:GLU	450:CYS	-23.422	-1.165	-7.843	-25.946	3.186	-8.931				
447:GLU	451:LEU	-23.422	-1.165	-7.843	-23.155	5.046	-7.106				
447:GLU	452:LYS	-23.422	-1.165	-7.843	-22.458	7.072	-10.225				
447:GLU	481:LEU	-23.422	-1.165	-7.843	-29.206	-0.621	-4.813				
447:GLU	484:TYR	-23.422	-1.165	-7.843	-29.948	-5.536	-5.545				
447:GLU	485:THR	-23.422	-1.165	-7.843	-27.264	-6.027	-2.863				
447:GLU	495:LYS	-23.422	-1.165	-7.843	-23.013	-4.38	1.781				
447:GLU	499:LEU	-23.422	-1.165	-7.843	-20.85	0.822	-0.514				
448:PHE	451:LEU	-21.023	1.108	-9.738	-23.155	5.046	-7.106				
448:PHE	452:LYS	-21.023	1.108	-9.738	-22.458	7.072	-10.225				
448:PHE	453:PHE	-21.023	1.108	-9.738	-26.066	8.229	-10.452				
449:VAL	452:LYS	-23.705	2.599	-11.963	-22.458	7.072	-10.225				
449:VAL	453:PHE	-23.705	2.599	-11.963	-26.066	8.229	-10.452				
449:VAL	454:LEU	-23.705	2.599	-11.963	-26.125	9.009	-6.716				
450:CYS	453:PHE	-25.946	3.186	-8.931	-26.066	8.229	-10.452				
450:CYS	454:LEU	-25.946	3.186	-8.931	-26.125	9.009	-6.716				
450:CYS	455:VAL	-25.946	3.186	-8.931	-22.996	11.143	-7.125				
450:CYS	477:VAL	-25.946	3.186	-8.931	-31.625	4.42	-6.935				
450:CYS	481:LEU	-25.946	3.186	-8.931	-29.206	-0.621	-4.813				
451:LEU	454:LEU	-23.155	5.046	-7.106	-26.125	9.009	-6.716				
451:LEU	455:VAL	-23.155	5.046	-7.106	-22.996	11.143	-7.125				
451:LEU	456:LEU	-23.155	5.046	-7.106	-24.417	12.862	-10.196				
451:LEU	481:LEU	-23.155	5.046	-7.106	-29.206	-0.621	-4.813				
452:LYS	455:VAL	-22.458	7.072	-10.225	-22.996	11.143	-7.125				
452:LYS	456:LEU	-22.458	7.072	-10.225	-24.417	12.862	-10.196				
452:LYS	457:PHE	-22.458	7.072	-10.225	-27.908	13.507	-8.759				
453:PHE	456:LEU	-26.066	8.229	-10.452	-24.417	12.862	-10.196				
453:PHE	457:PHE	-26.066	8.229	-10.452	-27.908	13.507	-8.759				
454:LEU	457:PHE	-26.125	9.009	-6.716	-27.908	13.507	-8.759				
454:LEU	474:GLN	-26.125	9.009	-6.716	-32.058	9.562	-5.018				
454:LEU	477:VAL	-26.125	9.009	-6.716	-31.625	4.42	-6.935				
454:LEU	478:ASN	-26.125	9.009	-6.716	-30.938	3.996	-3.205				
454:LEU	500:LEU	-26.125	9.009	-6.716	-22.348	4.18	0.501				
455:VAL	503:LEU	-22.996	11.143	-7.125	-18.728	7.972	-1.299				
457:PHE	469:LEU	-27.908	13.507	-8.759	-35.623	14.558	-10.555				
457:PHE	470:VAL	-27.908	13.507	-8.759	-32.848	14.655	-7.95				
457:PHE	473:VAL	-27.908	13.507	-8.759	-33.399	9.503	-8.57				
457:PHE	474:GLN	-27.908	13.507	-8.759	-32.058	9.562	-5.018				
458:SER	461:VAL	-26.711	14.914	-5.46	-26.825	20.787	-5.759				
458:SER	470:VAL	-26.711	14.914	-5.46	-32.848	14.655	-7.95				
459:LEU	467:PHE	-29.037	16.498	-2.902	-34.939	19.317	-8.215				
459:LEU	470:VAL	-29.037	16.498	-2.902	-32.848	14.655	-7.95				
459:LEU	474:GLN	-29.037	16.498	-2.902	-32.058	9.562	-5.018				
461:VAL	464:LEU	-26.825	20.787	-5.759	-31.652	23.428	-9.624				
461:VAL	467:PHE	-26.825	20.787	-5.759	-34.939	19.317	-8.215				
464:LEU	467:PHE	-31.652	23.428	-9.624	-34.939	19.317	-8.215				
464:LEU	470:VAL	-31.652	23.428	-9.624	-32.848	14.655	-7.95				
465:GLU	468:GLN	-34.895	24.039	-11.518	-37.761	16.778	-8.333				
466:ASN	469:LEU	-35.943	20.383	-11.689	-35.623	14.558	-10.555				
466:ASN	470:VAL	-35.943	20.383	-11.689	-32.848	14.655	-7.95				
467:PHE	470:VAL	-34.939	19.317	-8.215	-32.848	14.655	-7.95				
467:PHE	471:GLU	-34.939	19.317	-8.215	-35.346	13.698	-5.246				
467:PHE	472:GLY	-34.939	19.317	-8.215	-36.71	10.886	-7.369				
468:GLN	471:GLU	-37.761	16.778	-8.333	-35.346	13.698	-5.246				
468:GLN	472:GLY	-37.761	16.778	-8.333	-36.71	10.886	-7.369				
468:GLN	473:VAL	-37.761	16.778	-8.333	-33.399	9.503	-8.57				
469:LEU	472:GLY	-35.623	14.558	-10.555	-36.71	10.886	-7.369				
469:LEU	473:VAL	-35.623	14.558	-10.555	-33.399	9.503	-8.57				
469:LEU	474:GLN	-35.623	14.558	-10.555	-32.058	9.562	-5.018				
470:VAL	473:VAL	-32.848	14.655	-7.95	-33.399	9.503	-8.57				
470:VAL	474:GLN	-32.848	14.655	-7.95	-32.058	9.562	-5.018				
470:VAL	475:GLU	-32.848	14.655	-7.95	-35.068	7.773	-3.59				
471:GLU	474:GLN	-35.346	13.698	-5.246	-32.058	9.562	-5.018				
471:GLU	475:GLU	-35.346	13.698	-5.246	-35.068	7.773	-3.59				
471:GLU	476:GLN	-35.346	13.698	-5.246	-35.307	5.168	-6.325				
472:GLY	475:GLU	-36.71	10.886	-7.369	-35.068	7.773	-3.59				
472:GLY	476:GLN	-36.71	10.886	-7.369	-35.307	5.168	-6.325				
472:GLY	477:VAL	-36.71	10.886	-7.369	-31.625	4.42	-6.935				
473:VAL	476:GLN	-33.399	9.503	-8.57	-35.307	5.168	-6.325				
473:VAL	477:VAL	-33.399	9.503	-8.57	-31.625	4.42	-6.935				
473:VAL	478:ASN	-33.399	9.503	-8.57	-30.938	3.996	-3.205				
474:GLN	477:VAL	-32.058	9.562	-5.018	-31.625	4.42	-6.935				
474:GLN	478:ASN	-32.058	9.562	-5.018	-30.938	3.996	-3.205				
474:GLN	479:ALA	-32.058	9.562	-5.018	-33.917	1.617	-2.973				
475:GLU	478:ASN	-35.068	7.773	-3.59	-30.938	3.996	-3.205				
475:GLU	479:ALA	-35.068	7.773	-3.59	-33.917	1.617	-2.973				
475:GLU	480:ALA	-35.068	7.773	-3.59	-32.808	-0.351	-6.046				
476:GLN	479:ALA	-35.307	5.168	-6.325	-33.917	1.617	-2.973				
476:GLN	480:ALA	-35.307	5.168	-6.325	-32.808	-0.351	-6.046				
476:GLN	481:LEU	-35.307	5.168	-6.325	-29.206	-0.621	-4.813				
477:VAL	480:ALA	-31.625	4.42	-6.935	-32.808	-0.351	-6.046				
477:VAL	481:LEU	-31.625	4.42	-6.935	-29.206	-0.621	-4.813				
477:VAL	482:LEU	-31.625	4.42	-6.935	-30.441	-1.954	-1.485				
478:ASN	481:LEU	-30.938	3.996	-3.205	-29.206	-0.621	-4.813				
478:ASN	482:LEU	-30.938	3.996	-3.205	-30.441	-1.954	-1.485				
478:ASN	483:ASP	-30.938	3.996	-3.205	-32.739	-4.484	-3.183				
478:ASN	496:PHE	-30.938	3.996	-3.205	-25.402	-1.544	0.965				
479:ALA	482:LEU	-33.917	1.617	-2.973	-30.441	-1.954	-1.485				
479:ALA	483:ASP	-33.917	1.617	-2.973	-32.739	-4.484	-3.183				
479:ALA	484:TYR	-33.917	1.617	-2.973	-29.948	-5.536	-5.545				
480:ALA	483:ASP	-32.808	-0.351	-6.046	-32.739	-4.484	-3.183				
480:ALA	484:TYR	-32.808	-0.351	-6.046	-29.948	-5.536	-5.545				
480:ALA	485:THR	-32.808	-0.351	-6.046	-27.264	-6.027	-2.863				
481:LEU	484:TYR	-29.206	-0.621	-4.813	-29.948	-5.536	-5.545				
481:LEU	485:THR	-29.206	-0.621	-4.813	-27.264	-6.027	-2.863				
481:LEU	486:MET	-29.206	-0.621	-4.813	-29.648	-7.903	-0.552				
481:LEU	496:PHE	-29.206	-0.621	-4.813	-25.402	-1.544	0.965				
482:LEU	485:THR	-30.441	-1.954	-1.485	-27.264	-6.027	-2.863				
482:LEU	486:MET	-30.441	-1.954	-1.485	-29.648	-7.903	-0.552				
482:LEU	487:CYS	-30.441	-1.954	-1.485	-30.713	-10.222	-3.394				
482:LEU	496:PHE	-30.441	-1.954	-1.485	-25.402	-1.544	0.965				
483:ASP	486:MET	-32.739	-4.484	-3.183	-29.648	-7.903	-0.552				
483:ASP	487:CYS	-32.739	-4.484	-3.183	-30.713	-10.222	-3.394				
483:ASP	488:ASN	-32.739	-4.484	-3.183	-27.373	-10.824	-5.038				
484:TYR	487:CYS	-29.948	-5.536	-5.545	-30.713	-10.222	-3.394				
484:TYR	488:ASN	-29.948	-5.536	-5.545	-27.373	-10.824	-5.038				
484:TYR	489:TYR	-29.948	-5.536	-5.545	-25.029	-10.647	-2.048				
485:THR	488:ASN	-27.264	-6.027	-2.863	-27.373	-10.824	-5.038				
485:THR	489:TYR	-27.264	-6.027	-2.863	-25.029	-10.647	-2.048				
485:THR	496:PHE	-27.264	-6.027	-2.863	-25.402	-1.544	0.965				
485:THR	499:LEU	-27.264	-6.027	-2.863	-20.85	0.822	-0.514				
486:MET	489:TYR	-29.648	-7.903	-0.552	-25.029	-10.647	-2.048				
489:TYR	492:GLN	-25.029	-10.647	-2.048	-22.861	-9.628	2.908				
489:TYR	495:LYS	-25.029	-10.647	-2.048	-23.013	-4.38	1.781				
492:GLN	495:LYS	-22.861	-9.628	2.908	-23.013	-4.38	1.781				
492:GLN	496:PHE	-22.861	-9.628	2.908	-25.402	-1.544	0.965				
494:GLU	497:GLY	-24.134	-4.821	5.388	-24.138	0.687	3.793				
494:GLU	498:GLN	-24.134	-4.821	5.388	-20.533	-0.35	3.118				
494:GLU	499:LEU	-24.134	-4.821	5.388	-20.85	0.822	-0.514				
495:LYS	498:GLN	-23.013	-4.38	1.781	-20.533	-0.35	3.118				
495:LYS	499:LEU	-23.013	-4.38	1.781	-20.85	0.822	-0.514				
495:LYS	500:LEU	-23.013	-4.38	1.781	-22.348	4.18	0.501				
496:PHE	499:LEU	-25.402	-1.544	0.965	-20.85	0.822	-0.514				
496:PHE	500:LEU	-25.402	-1.544	0.965	-22.348	4.18	0.501				
496:PHE	501:LEU	-25.402	-1.544	0.965	-19.552	4.769	2.996				
497:GLY	500:LEU	-24.138	0.687	3.793	-22.348	4.18	0.501				
497:GLY	501:LEU	-24.138	0.687	3.793	-19.552	4.769	2.996				
497:GLY	502:ARG	-24.138	0.687	3.793	-17.103	4.801	0.083				
498:GLN	501:LEU	-20.533	-0.35	3.118	-19.552	4.769	2.996				
498:GLN	502:ARG	-20.533	-0.35	3.118	-17.103	4.801	0.083				
499:LEU	502:ARG	-20.85	0.822	-0.514	-17.103	4.801	0.083				
499:LEU	503:LEU	-20.85	0.822	-0.514	-18.728	7.972	-1.299				
500:LEU	503:LEU	-22.348	4.18	0.501	-18.728	7.972	-1.299				
501:LEU	504:PRO	-19.552	4.769	2.996	-17.23	10.285	1.341				
501:LEU	505:GLU	-19.552	4.769	2.996	-13.903	8.639	0.642				
502:ARG	505:GLU	-17.103	4.801	0.083	-13.903	8.639	0.642				
502:ARG	506:ILE	-17.103	4.801	0.083	-14.3	9.317	-3.083				
502:ARG	507:ARG	-17.103	4.801	0.083	-15.074	12.918	-2.203				
503:LEU	506:ILE	-18.728	7.972	-1.299	-14.3	9.317	-3.083				
503:LEU	507:ARG	-18.728	7.972	-1.299	-15.074	12.918	-2.203				
503:LEU	508:ALA	-18.728	7.972	-1.299	-11.907	13.134	-0.044				
504:PRO	507:ARG	-17.23	10.285	1.341	-15.074	12.918	-2.203				
504:PRO	508:ALA	-17.23	10.285	1.341	-11.907	13.134	-0.044				
504:PRO	509:ILE	-17.23	10.285	1.341	-9.77	11.906	-2.929				
505:GLU	508:ALA	-13.903	8.639	0.642	-11.907	13.134	-0.044				
505:GLU	509:ILE	-13.903	8.639	0.642	-9.77	11.906	-2.929				
505:GLU	510:SER	-13.903	8.639	0.642	-11.518	14.398	-5.245				
506:ILE	509:ILE	-14.3	9.317	-3.083	-9.77	11.906	-2.929				
506:ILE	510:SER	-14.3	9.317	-3.083	-11.518	14.398	-5.245				
506:ILE	511:MET	-14.3	9.317	-3.083	-10.572	17.24	-2.862				
507:ARG	510:SER	-15.074	12.918	-2.203	-11.518	14.398	-5.245				
507:ARG	511:MET	-15.074	12.918	-2.203	-10.572	17.24	-2.862				
507:ARG	512:GLN	-15.074	12.918	-2.203	-6.958	16.052	-3.023				
508:ALA	511:MET	-11.907	13.134	-0.044	-10.572	17.24	-2.862				
508:ALA	512:GLN	-11.907	13.134	-0.044	-6.958	16.052	-3.023				
508:ALA	513:ALA	-11.907	13.134	-0.044	-7.212	16.133	-6.818				
509:ILE	512:GLN	-9.77	11.906	-2.929	-6.958	16.052	-3.023				
509:ILE	513:ALA	-9.77	11.906	-2.929	-7.212	16.133	-6.818				
509:ILE	514:GLU	-9.77	11.906	-2.929	-8.661	19.626	-6.873				
510:SER	513:ALA	-11.518	14.398	-5.245	-7.212	16.133	-6.818				
510:SER	514:GLU	-11.518	14.398	-5.245	-8.661	19.626	-6.873				
510:SER	515:GLU	-11.518	14.398	-5.245	-5.924	20.791	-4.489				
511:MET	514:GLU	-10.572	17.24	-2.862	-8.661	19.626	-6.873				
511:MET	515:GLU	-10.572	17.24	-2.862	-5.924	20.791	-4.489				
511:MET	516:TYR	-10.572	17.24	-2.862	-3.21	19.341	-6.763				
512:GLN	515:GLU	-6.958	16.052	-3.023	-5.924	20.791	-4.489				
512:GLN	516:TYR	-6.958	16.052	-3.023	-3.21	19.341	-6.763				
512:GLN	517:LEU	-6.958	16.052	-3.023	-4.786	20.978	-9.779				
513:ALA	516:TYR	-7.212	16.133	-6.818	-3.21	19.341	-6.763				
513:ALA	517:LEU	-7.212	16.133	-6.818	-4.786	20.978	-9.779				
513:ALA	518:TYR	-7.212	16.133	-6.818	-5.099	24.32	-8.005				
514:GLU	517:LEU	-8.661	19.626	-6.873	-4.786	20.978	-9.779				
514:GLU	518:TYR	-8.661	19.626	-6.873	-5.099	24.32	-8.005				
514:GLU	519:TYR	-8.661	19.626	-6.873	-1.414	24.36	-6.973				
514:GLU	536:LEU	-8.661	19.626	-6.873	-12.525	24.528	-10.673				
515:GLU	518:TYR	-5.924	20.791	-4.489	-5.099	24.32	-8.005				
515:GLU	519:TYR	-5.924	20.791	-4.489	-1.414	24.36	-6.973				
515:GLU	520:LYS	-5.924	20.791	-4.489	-0.348	23.536	-10.552				
516:TYR	519:TYR	-3.21	19.341	-6.763	-1.414	24.36	-6.973				
516:TYR	520:LYS	-3.21	19.341	-6.763	-0.348	23.536	-10.552				
516:TYR	521:HIS	-3.21	19.341	-6.763	-2.519	26.439	-11.624				
517:LEU	520:LYS	-4.786	20.978	-9.779	-0.348	23.536	-10.552				
517:LEU	521:HIS	-4.786	20.978	-9.779	-2.519	26.439	-11.624				
517:LEU	522:LEU	-4.786	20.978	-9.779	-0.947	28.781	-9.035				
517:LEU	532:LEU	-4.786	20.978	-9.779	-10.682	20.735	-15.298				
517:LEU	533:ILE	-4.786	20.978	-9.779	-9.398	24.17	-14.303				
518:TYR	521:HIS	-5.099	24.32	-8.005	-2.519	26.439	-11.624				
518:TYR	522:LEU	-5.099	24.32	-8.005	-0.947	28.781	-9.035				
518:TYR	523:ASN	-5.099	24.32	-8.005	2.396	27.783	-10.557				
518:TYR	536:LEU	-5.099	24.32	-8.005	-12.525	24.528	-10.673				
519:TYR	522:LEU	-1.414	24.36	-6.973	-0.947	28.781	-9.035				
519:TYR	523:ASN	-1.414	24.36	-6.973	2.396	27.783	-10.557				
519:TYR	524:GLY	-1.414	24.36	-6.973	1.255	28.672	-14.077				
520:LYS	523:ASN	-0.348	23.536	-10.552	2.396	27.783	-10.557				
520:LYS	525:ASP	-0.348	23.536	-10.552	1.496	24.998	-15.146				
520:LYS	526:VAL	-0.348	23.536	-10.552	-2.105	24.434	-16.302				
521:HIS	524:GLY	-2.519	26.439	-11.624	1.255	28.672	-14.077				
521:HIS	525:ASP	-2.519	26.439	-11.624	1.496	24.998	-15.146				
521:HIS	526:VAL	-2.519	26.439	-11.624	-2.105	24.434	-16.302				
521:HIS	533:ILE	-2.519	26.439	-11.624	-9.398	24.17	-14.303				
521:HIS	537:HIS	-2.519	26.439	-11.624	-12.824	28.228	-11.535				
526:VAL	530:ASN	-2.105	24.434	-16.302	-8.24	23.298	-19.607				
526:VAL	533:ILE	-2.105	24.434	-16.302	-9.398	24.17	-14.303				
527:PRO	530:ASN	-2.929	25.505	-19.881	-8.24	23.298	-19.607				
529:ASN	534:GLU	-9.142	26.746	-20.844	-12.51	25.766	-15.862				
530:ASN	533:ILE	-8.24	23.298	-19.607	-9.398	24.17	-14.303				
530:ASN	534:GLU	-8.24	23.298	-19.607	-12.51	25.766	-15.862				
530:ASN	535:MET	-8.24	23.298	-19.607	-14.62	23.463	-13.653				
531:LEU	534:GLU	-11.726	22.045	-18.681	-12.51	25.766	-15.862				
531:LEU	535:MET	-11.726	22.045	-18.681	-14.62	23.463	-13.653				
531:LEU	536:LEU	-11.726	22.045	-18.681	-12.525	24.528	-10.673				
532:LEU	535:MET	-10.682	20.735	-15.298	-14.62	23.463	-13.653				
532:LEU	536:LEU	-10.682	20.735	-15.298	-12.525	24.528	-10.673				
532:LEU	537:HIS	-10.682	20.735	-15.298	-12.824	28.228	-11.535				
533:ILE	536:LEU	-9.398	24.17	-14.303	-12.525	24.528	-10.673				
533:ILE	537:HIS	-9.398	24.17	-14.303	-12.824	28.228	-11.535				
533:ILE	538:ALA	-9.398	24.17	-14.303	-16.463	27.223	-11.166				
534:GLU	537:HIS	-12.51	25.766	-15.862	-12.824	28.228	-11.535				
534:GLU	538:ALA	-12.51	25.766	-15.862	-16.463	27.223	-11.166				
535:MET	538:ALA	-14.62	23.463	-13.653	-16.463	27.223	-11.166				