300	0.0031445655137673093
301	0.03692525532011042
302	0.014281050458224859
303	0.012362990559214256
304	0.033460294695122156
305	0.06983936213053007
306	0.022019562363107717
307	0.017941423373115665
308	0.055092292595505236
309	0.05558572262040692
310	0.014281050458224911
311	0.035862093517655305
312	0.05704097080841087
313	0.015855448586879678
314	0.010614052261714477
315	0.015633932010313652
316	0.009999771977243676
317	0.01111625406965376
318	0.02341414495135508
319	0.047076107028476866
320	0.012666114250911189
321	0.017141369665226093
322	0.045046165753011555
323	0.02015894818050969
324	0.016331731022394012
325	0.024143218005875152
326	0.04678689048839421
327	0.01420370687957967
328	0.010845803167470046
329	0.023633974957732957
330	0.011993569885310508
331	0.009343315214528294
332	0.006331959045150361
333	0.007079159394604199
339	0.00795501259261428
340	0.026455173153327897
341	0.05958406871104029
342	0.08499579152209598
343	0.04032236008018135
344	0.054083228660007955
345	0.09441032718154936
346	0.0791503935372961
347	0.08103767176400616
348	0.12337661453612027
349	0.11741222382858846
350	0.12111543312769923
351	0.06429896473973223
352	0.13657169621831966
353	0.13898516068865718
354	0.08604019667310309
355	0.05557054269426363
356	0.09883234696176928
357	0.07742716292757984
358	0.056787364749062146
359	0.09849101710345397
360	0.04769284195543259
361	0.044811509179749194
362	0.030266567378695316
363	0.05448687331953049
364	0.02769577128986649
365	0.025805857804739197
366	0.06560362430917871
367	0.010688987032003213
368	0.0104431777029149
369	0.035790870503490675
370	0.01966351569796778
371	0.03296870911305873
372	0.021705668356599053
373	0.035382879580822424
374	0.05437467900510603
375	0.05056739797812185
376	0.0284407897202219
377	0.052815600236966215
378	0.09219466922615667
379	0.05736236986506029
380	0.033234882370585146
381	0.0977698435067457
382	0.13102624330026624
383	0.09455688452922927
384	0.11338845402964941
385	0.11043097234171488
386	0.18289270300289012
387	0.12113925807824971
388	0.15558006834753088
389	0.11490020759951854
390	0.14547062971725547
391	0.13457690778758993
392	0.09030853600354749
393	0.1422903041561056
394	0.07843256633175463
395	0.06685658938059971
396	0.047756272956752596
397	0.037045658002631744
398	0.04389600546121264
399	0.016306586679386035
401	0.0033829288372262357
402	0.00306768987112393
403	0.042062646276199565
404	0.03659404414444907
405	0.06488926460135144
406	0.08730872176610709
407	0.027990987525845973
408	0.014562641675415433
409	0.008439744317509646
410	0.00727945245562229
411	0.01729629471009687
412	0.006934022665525705
413	0.021336629962522488
414	0.004673134810907199
415	0.0100166190815944
416	0.02603124617590893
417	0.017264606609871266
418	0.032546628961537
419	0.037532468859070404
420	0.05301161046855931
421	0.021271748495879688
422	0.012555450004536282
423	0.022574118064767446
424	0.03394809914011969
425	0.030185510411984154
426	0.023572478983551623
427	0.04277502000418517
428	0.04275935681111897
429	0.036738364901815264
430	0.04848119821054267
431	0.03961693612928072
432	0.06086398257139938
433	0.041188653290402985
434	0.09270545833720918
435	0.069224457483226
436	0.033559405050940946
437	0.05536494411810975
438	0.09977710905463269
439	0.0499164886054262
440	0.02056943472028004
441	0.045867145214697674
442	0.04943295420080766
443	0.09496635976286585
444	0.08046703588454994
445	0.05994015818312641
446	0.09110998261652234
447	0.13771462544437552
448	0.11105592191721807
449	0.09396241030503974
450	0.10993937791810544
451	0.14381000065624042
452	0.135430024246801
453	0.09335509407036896
454	0.09441194390210339
455	0.10547299140583404
456	0.09451141587173965
457	0.07252877283898891
458	0.022949112897818334
459	0.008839634976499896
460	0.01053491410818377
461	0.019756586270562763
462	0.0036991171791108356
463	0.0036991171791108494
464	0.014458808150477955
465	0.010858660512013459
466	0.017819573153933017
467	0.01357205221672386
468	0.011026982112383229
469	0.02337712535860645
470	0.042455525932270456
471	0.013047727810438876
472	0.02554749362027155
473	0.04618610998478287
474	0.054391785476729175
475	0.031698957091513436
476	0.044019912829329225
477	0.0727277541940126
478	0.06316156483676597
479	0.040690792249420925
480	0.05881541792723782
481	0.12070077825009709
482	0.04917693364280325
483	0.03263277832495641
484	0.10093218903657028
485	0.06689311630196218
486	0.037981023837454685
487	0.024177100158804594
488	0.02607234005334302
489	0.08950791850404166
492	0.03815327500663924
493	0.012745462846304319
494	0.017931288045094487
495	0.08550050910546207
496	0.07246719493922897
497	0.025526734732870465
498	0.04029588196076001
499	0.09756944319929528
500	0.07836532696106528
501	0.03040062088080804
502	0.07475176769428271
503	0.10016405110733212
504	0.04058173605969108
505	0.05486467205139378
506	0.1203347034164179
507	0.08099804963287852
508	0.04915229446420789
509	0.07309778219552064
510	0.10172099541823146
511	0.07146121903358646
512	0.05396915906983981
513	0.05686827002332737
514	0.0942096165761657
515	0.04572546521037734
516	0.06445502772975337
517	0.05874009737957153
518	0.04729243375089333
519	0.03304976921289825
520	0.04406823622259173
521	0.041618425874880426
522	0.01808957246164594
523	0.016181294450057396
524	0.015443311425850209
525	0.014585593204477913
526	0.038693569687119254
530	0.051252588113627894
531	0.07759398545250679
532	0.08212811262300777
533	0.04766399484926828
534	0.03586956950682072
535	0.07025072966538735
536	0.05780618823089407
537	0.03311067142468772
538	0.02286938808360033
