301	0.0002154263978109597
302	0.00018228690728728866
303	4.785406789942105e-06
304	0.0004987862964008705
305	0.0006521493707737996
306	3.246233301787891e-05
307	0.00041655028913578017
308	0.002296213265910959
309	0.0007128950237412081
310	6.140540117327666e-05
311	0.007605201283153224
312	0.00865703879199496
313	0.0069460890555822965
314	0.00016147175144299306
315	0.058587827758442394
317	2.4331975197011673e-05
318	0.0010710294012564424
319	0.08563761263046336
320	3.586877112499217e-06
322	0.045752573800315416
323	0.013956748671400995
325	0.0031092461501535567
326	0.04753550519586962
327	0.0020574220534572063
328	-3.592300802774935e-18
329	0.0025233138580666664
330	0.00039815802160425774
332	6.204535060358065e-19
333	0.002642254588004319
334	5.869412093721519e-05
337	0.00039815802160426657
338	5.869412093721267e-05
339	0.0032387183535326314
340	0.0030706601077062873
341	-2.5355353444374296e-18
342	0.1084793581232393
343	0.0004774328693866121
344	0.007484838319956677
345	0.10591983183256078
346	0.02273654220528798
347	0.011365676205154104
348	0.2109920937144631
349	0.0684022570514141
350	0.012947495001396483
351	0.007202922994819481
352	0.1916223090028458
353	0.06682264162457201
354	0.00453865701046159
355	0.00015788487433049053
356	0.1554569514956459
357	0.0023555101503937954
358	0.00010294542233948687
359	0.04604852928872106
360	0.0023862293035577095
361	0.0008244266917561098
362	6.170686485373466e-05
363	0.002777880376564048
364	0.0027643092764245694
365	0.0006796651230599954
366	0.005498919881684476
367	0.0004185953011520506
368	0.00010019224721119552
369	0.0011906454521131912
370	0.000307552368986912
371	0.0016214935059657265
372	0.00017787076625644578
373	0.0004538702815866316
374	0.001974070841629771
375	0.004252793251925372
376	0.00045694830754687825
377	0.005118701875947986
378	0.00791044853988927
379	0.009555419648962253
380	0.0004301174503330019
381	0.020684465326094168
382	0.046912322911857984
383	0.001525347882518726
384	0.003449848777986595
385	0.1040117257710364
386	0.18203988397107332
387	0.0444224577280949
388	0.003516338708000818
389	0.18832082316426826
390	0.26639677221632097
391	0.017079986200142214
392	0.0022738424073508075
393	0.31179935751082877
394	0.17689554703762303
395	0.009652120484461058
396	0.00033519651497029444
397	0.08257974603943179
399	0.0002139721810652505
401	0.007430540749964234
402	0.009632463492036626
403	0.17967448279392437
404	0.24838942771375744
405	0.20059469456229828
406	0.21054497412591222
407	0.09261971682008294
408	0.03661611299708268
409	0.036616112997082666
410	0.0014515038121521377
411	0.06389137117982936
412	-4.003461001796386e-18
413	0.05040589001444322
415	2.952646716093332e-18
416	0.04351249910890952
417	0.009307198637056096
419	4.231168609326828e-19
420	0.024769101951324226
421	0.0018766578870918794
423	0.006265540067751921
424	0.1127904310505708
425	0.012730515077512425
426	0.00017183125962393414
427	2.0872139010722058e-05
428	0.12536061800855053
429	0.007430540749964229
430	0.0011656362390163365
432	0.07187717698912612
433	0.0002336359368615471
434	0.005300881459977024
435	0.041515476531466304
437	0.00041925882221059403
438	0.004606915222020294
439	0.00611996812342472
441	0.00019502029347329367
442	0.00011806658574774607
443	0.0019490511721487341
444	0.00026932981411099906
445	0.0008319056647316874
446	0.0007767569475168188
447	0.0008730816913126302
448	0.0026565860967492096
449	0.003227339149631088
450	0.0003688295251449317
451	0.0013806656459701089
452	0.009450105872759327
453	0.008434031018095069
454	0.0007138699122873788
455	0.01937079948704776
456	0.011814117242442893
457	0.0033262443540653273
458	0.000626911133870292
459	0.0001352036201980557
461	0.0011721958628054347
462	8.729156509324347e-05
463	6.736064017283779e-05
464	0.0013190407267732523
465	0.00011224446253030624
466	0.00022108980025862916
467	0.0002143761746390847
468	1.5916857964274456e-17
469	0.00030914151227517104
470	0.0015317652692815658
471	1.2910699206507998e-17
473	0.0006853601799783752
474	0.0006155008807736139
476	7.352815117177993e-05
477	0.0003341651329168047
478	0.00012476662527832245
480	0.00012300770337761335
481	0.0006425994341335647
482	3.115258392166606e-05
483	-7.264652109606533e-18
484	0.00046140620017549443
485	9.472824068507414e-05
487	-6.072921584087899e-18
488	6.801779656520854e-05
489	0.0003083771535658504
492	0.0001468153339061093
494	3.8965526621121375e-05
495	0.0004925405098774618
496	0.0002113269776265464
498	0.0002643269333028223
499	0.0014305118214640164
500	0.0006350411405056794
501	2.4849123070210614e-05
502	0.001139846167133053
503	0.0032579078713053846
504	0.00016856675800336422
505	0.001011258978688263
506	0.010366112560278178
507	0.001118642010337355
509	0.007501754368915211
510	0.0009187365335764981
511	0.001994250395326367
512	3.0768483487606084e-06
513	0.00013851160109819288
514	0.007434378113186714
516	0.04250297981848929
517	0.017614996607812745
518	0.002858492008948841
519	0.006265540067751932
520	0.029753664677591562
521	0.005624766134408116
522	0.0004213821311330004
523	0.004386110785550381
525	0.02083016039734755
526	0.02563864602702898
530	0.005103780815931476
531	0.014573413477753767
532	0.020117829320398593
533	0.007328242632301851
534	0.0005534633859079333
535	0.0212508390746128
536	0.011013907777021414
537	0.002330838733290065
538	0.0019620673221597946
