299	2.6977837393492448e-05
300	2.697783739346835e-05
301	0.0003464864655173361
302	0.00024261668490364776
303	8.165226148583373e-06
304	0.0009908110557040487
305	0.0004811494209588093
306	5.381274260265616e-05
307	0.00015388266386928554
308	0.004206284930601768
309	0.0005300170706350892
310	2.3349242020841806e-05
311	0.003370938206481248
312	0.004181570887603169
314	-5.128577019085709e-18
315	0.027430458395676562
316	0.014865952706710896
317	1.694157048605491e-17
318	0.005757574065370398
319	0.0979737329983247
320	0.0010147153019497222
321	-5.349789068344865e-18
322	0.037945164721533815
323	0.00668745878746533
325	3.8581213702063175e-06
326	0.017831919280276172
327	0.001014715301949725
328	2.5426863683638036e-05
329	0.0034773558414634546
330	0.004249490829118066
331	0.00015985894081306957
332	3.858121370243449e-06
333	0.002003558730433668
334	0.00020689253920942304
335	0.00015600081944281942
337	0.00033540075517553806
338	0.0010281199552527973
339	0.004114042183226169
341	0.1082029541150209
342	0.16018090078849057
343	0.03499912826459359
344	0.020860454590188395
345	0.13784845835837564
346	0.18654616164306972
347	0.020913878145166973
348	0.08064931830970544
349	0.11242681299957055
350	0.03201239020097848
351	0.006970224145832686
352	0.19694052272787502
353	0.08009201756207175
354	0.007991943573853752
355	0.02988258594737399
356	0.0777802465035534
357	0.002127247095260751
358	5.72440944528711e-05
359	0.020138199309043803
360	0.0021348072157244217
361	0.0003314617267371677
362	4.580421351608137e-05
363	0.0015664083387252265
364	0.0005114861547191841
365	0.0020194109975602958
366	0.003716529172254582
367	0.00024462756313669984
368	0.00030641343823919516
369	0.0020562599355012355
370	2.197152277842584e-05
371	0.0008047156322901798
372	0.0010222527607745967
373	0.0009323483674583493
374	0.0008759287539159629
375	0.005303460602426453
376	0.0014336736409590605
377	0.006535120242303353
378	0.0018971297120685758
379	0.033125371580053985
380	0.010309231558579435
381	0.030020320309436233
382	0.16915358981621556
383	0.13012003884767612
384	0.12766469447725748
385	0.024082903494730423
386	0.1913553537076048
387	0.14692217926479836
388	0.007739403147971955
389	0.18275658942917922
390	0.18615855961993164
391	0.029381818318179168
392	0.0074351052418886
393	0.26175712353055924
394	0.05759794004896412
395	0.009160618856730097
396	0.001128158737171195
397	0.07537099201355005
398	0.0021115691144538134
399	0.0061525318053258496
401	0.0024922252736063297
402	0.006533187964478324
403	0.05326152331676289
404	0.10956954336889453
405	0.16523468151733461
406	0.15669965355564153
407	0.015957673743025605
408	0.01662543214359045
409	0.026086445099028424
410	0.026631875369343982
411	0.02823390754750512
413	0.016424955624791935
415	0.013064878438651999
416	0.02084026262734325
419	0.08610379281149128
420	0.008006391831127186
421	0.0006797941066210435
423	0.00012931050085850855
424	0.02744551786776488
425	0.0044801680464016174
426	0.0008522180000797105
427	0.027051198299840644
428	0.04336529984554422
429	0.000684392300024534
430	0.004802821107368284
431	0.009112749718575985
432	0.0025960708988941915
433	0.0010621834395020434
434	0.011225667598568865
435	0.01669207591923145
437	0.0015130830922750155
438	0.009639683087814084
439	0.01391624961470635
440	0.00022958624727985208
441	0.0013219724369271098
442	0.0003622891143043681
443	0.005287853279268545
444	0.0019119977516145453
445	0.0006997712459871628
446	0.0006307387525626842
447	0.0022441144955207353
448	0.004081809871562752
449	0.0016814063790602685
450	0.00023032841910672428
451	0.007528886000733498
452	0.005738944896457854
453	0.004573006576825433
454	0.00017374068649647555
455	0.03077907748794916
456	0.008786462296935652
457	0.002207995273575274
458	0.010626072518857443
459	0.0005059773811344818
460	0.007973643151171432
461	0.004766571298586611
463	0.00021753712848443957
464	0.002509884912687958
465	0.00014480283562914788
466	0.0004674368507026552
467	0.0004686532252951349
468	1.104418195403454e-05
469	0.0010243723056899182
470	0.002404974311543032
471	7.278643725681981e-05
473	0.0003524455039516853
474	0.000461005218994843
476	0.00015033978847814786
477	0.00011478903644276822
478	0.00015053137325798458
480	7.300675719847115e-05
481	0.0007482952154111368
482	2.6239229251990056e-05
484	0.0011178104826981468
485	0.0009820419082340508
486	3.981384899652217e-06
487	-2.6056006652513297e-17
488	0.00017779684153500108
489	0.0005837096713019803
490	-1.4639475991031948e-17
492	0.0005628773651090084
494	0.00013847848544133542
495	0.001803948735349115
496	0.00016894767599121108
498	0.0009126393999970917
499	0.003919881557015198
500	0.00018838010948186133
501	0.0012383848986965789
502	0.004554278887629233
503	0.005812622996848604
504	0.008161548325071944
505	0.0028039196917900105
506	0.002877647264928919
507	0.05255011908951754
508	0.0011861412255728524
509	0.024725167138638305
510	0.17362156610554422
511	0.007973643151171505
512	0.005013317859364025
513	0.13259179881978517
514	0.12953140973375352
515	0.014519617662478642
516	0.14582148924100463
517	0.15563057975647537
518	0.09343618066730214
519	0.0022550388708353374
520	0.059363622113389004
521	0.032691749554414735
522	0.014177451449354905
523	0.00034216621312371093
525	0.024304899106791903
526	0.08523225046045374
527	0.044114820227366874
528	0.004361302603121517
529	0.004361302603121514
530	0.019535511891482952
531	0.013688113274228222
532	0.08244359945185464
533	0.028743068486302398
534	0.0029642026183195223
535	0.043854979404339314
536	0.11705762074188543
537	0.00496045203038123
538	0.0066542942667075465
