301	4.0169498828521405e-05
302	0.00012554333586846297
303	6.070760595716436e-07
304	0.0005006869531008394
305	0.0002621800942880337
306	6.016441018858398e-06
307	4.053217007813958e-06
308	0.0016540414888451553
309	0.00022821277526761838
310	2.6454719333483327e-05
311	0.0011257627378301548
312	0.0005270698874058343
313	0.0014133434431221716
314	2.4711483469861564e-18
315	0.004651527011067518
316	0.0009572320673803917
317	1.9145488675973034e-18
318	0.009436359070904645
319	0.0063910761011008906
320	0.0009797142977875815
321	0.0016108407299229412
322	0.06158965342106398
323	0.006541181441645968
324	2.621604200360628e-18
325	0.003773871043845355
326	0.04160641624415132
327	7.243691779664499e-19
328	-4.571250847459625e-18
329	0.0028145365203432024
330	0.0009743905097675018
331	9.118443404838282e-05
332	-3.9135293924073515e-18
333	0.0029079940551174875
334	9.118443404838122e-05
337	0.000435548742852634
338	0.0006088039432630875
339	0.00247256595893901
340	0.08148583793539331
341	0.016600602239445893
342	0.13885398727966686
343	0.017582635016257706
344	0.0005162725673289677
345	0.108292501677268
346	0.11739259713092064
347	0.012109729649913232
348	0.16237734242949486
349	0.004648784699298011
350	0.0027006466726320648
351	0.010272441983245095
352	0.031038175384319223
353	0.031179836696611087
354	0.0016108407299229466
356	0.02933712420308797
357	0.000749520598540545
358	0.00048253169817803466
359	0.006818233560291654
360	0.00036745315388603153
361	0.00011226046142081354
362	0.00017257492809429436
363	0.000525483092762121
365	0.0008668750755502961
366	0.0006485597992067936
368	0.0001810998558874259
369	0.0004694547392852861
370	3.1125300725801064e-05
372	3.91227517491246e-05
373	0.00020721589558760566
374	0.00017211397370377998
376	0.00026120780136141576
377	0.0011983068352252738
378	0.0003674531538860291
379	0.027372321844433858
380	0.007046912627712121
381	0.0026498649145499423
382	0.14251285254626275
383	0.16028629351323367
384	0.04067791004177597
385	0.006968465954301533
386	0.11986815952808459
387	0.22019598119888398
388	0.009255588834632556
389	0.05337607740382284
390	0.28480867843545876
391	0.0586266756975335
392	0.0012999671288374801
393	0.20546552546586233
394	0.2231858331506995
395	0.009415417420054539
396	0.0001947043350100956
397	0.031056484761751397
398	0.006938216127976985
399	0.008025558206181815
401	0.008299042519151777
402	0.019153097669755634
403	0.21540314614999204
404	0.20270086360431971
405	0.14107514022364326
406	0.14580467465043145
407	0.041713563366629396
408	0.030359796012181854
409	0.0009797142977875733
410	0.03443051595686575
411	0.03001234267853848
413	0.055409564841807285
415	0.0003809463282184244
416	0.04015281134973583
419	0.0025434344053493294
420	0.014323179697382482
421	0.0012501009581537127
422	4.573644689371153e-18
423	0.020502739102221307
424	0.047131185859786505
425	0.008346450803182867
426	-2.4429201087322105e-18
427	0.11343661004115559
428	0.16346487764115594
429	-8.294558805168341e-19
430	0.016099247604338646
431	0.01044649462633237
432	0.12709339977438133
434	0.03105439891666002
435	0.06974728952545665
437	0.00051550247955813
438	0.016539335146533062
439	0.046323842243539665
441	0.00024263770778076848
442	0.00029696263735297715
443	0.004272408019661974
444	0.0008203642677946744
445	0.0006409188852363562
446	0.0001255433358684559
447	0.0019471321608713048
448	0.0027509928375559225
449	0.0006205913184513063
450	0.0005407236092201839
451	0.002255502335718445
452	0.0028984547684897
453	0.001734129122836176
454	0.00024206079070389396
455	0.007720586203244879
456	0.0018047857897075656
457	0.001092899067408406
458	0.007044555961772913
459	0.00024818392734961704
461	0.0013664948767710748
462	3.912275174912009e-05
463	4.601465963349717e-05
464	0.0006171416661785542
465	3.569787504950903e-05
466	0.00012157568748697501
467	5.9692208731575974e-06
468	5.969220873154586e-06
469	0.00034226009690820444
470	0.0013484036446012413
471	3.985422779344485e-05
473	0.00042011173562146606
474	0.00026877224685540924
475	5.969220873158001e-06
476	0.00020482845255610525
477	0.0005028927624951894
478	0.00021134674828872415
480	0.00011425944384902125
481	0.0008980018004736566
482	4.0925238093380005e-05
484	0.0005760252279772826
485	0.0009851472406637721
486	6.129632889435476e-06
488	8.627495763116442e-05
489	0.00047886420887925977
492	0.0003285699936747429
494	1.7397605007093218e-05
495	0.0011752728955272238
496	0.00026711268736235227
498	0.00011615722181294887
499	0.0037323211829457612
500	0.0006331364964772032
501	0.0008866666933586589
502	0.0033256576624066773
503	0.0012511901162935767
504	0.00591993781515756
505	0.00514931947534878
506	0.05389111249533919
507	0.03863851678069437
509	0.057032773798329994
510	0.17134078901160596
511	0.02594464235299951
512	0.019401408284362275
513	0.14012878727212066
514	0.1345840374402908
516	0.13688902654704097
517	0.10286292101080378
518	0.025772786440592436
519	-4.454813666894708e-18
520	0.049981592155746914
521	0.01574549610004079
523	3.684541393111853e-18
525	0.020797043753685053
526	0.05796515371906911
527	0.020283281688889775
528	0.004292767884977106
530	0.0059214657050555095
531	0.0048920048028263914
532	0.06301593268699006
533	0.01655145625491291
534	0.0007327066360918055
535	0.03143398323061498
536	0.02174560381901039
537	0.0048373197226509205
538	0.00880779388189332
541	4.601465963349116e-05
