300	0.0011171782535042178
301	0.009628371414829261
302	0.014801247929374641
303	0.0073258670038794625
304	0.02486055516218791
305	0.03002600115497147
306	0.011353640732204856
307	0.011661812030951102
308	0.03633408001762233
309	0.03020109275126987
310	0.006547223185932998
311	0.023476201236527744
312	0.03997432555601347
313	0.009111560917314021
314	0.010766420598207349
315	0.038903978168006774
316	0.012653559178334066
317	0.015181863435759611
318	0.02997011675500783
319	0.042070737869303425
320	0.020789125595379754
321	0.03965125567662376
322	0.05178703642589378
323	0.03658287060638645
324	0.020536893741208
325	0.044561158410622456
326	0.05816483802827538
327	0.019401394116704367
328	0.01625253192117397
329	0.028211855693262216
330	0.028019171891101268
331	0.0123684951421929
332	0.007883334562873948
333	0.009734963523857084
334	0.000800075524253403
335	0.0007878852230599787
337	9.875809646876881e-05
338	0.006382946871507032
339	0.027874728155978447
340	0.028776077518564175
341	0.03721105622924172
342	0.10822630114125265
343	0.049257274124518385
344	0.06087354854885614
345	0.12299472479914253
346	0.10906684660392037
347	0.08767339146921257
348	0.1456601816972843
349	0.13794431377379557
350	0.10936793683360545
351	0.08862190272706476
352	0.1351147239759543
353	0.15373144769604213
354	0.07128648142884321
355	0.06510733534530921
356	0.10316481781408246
357	0.05522068788785612
358	0.051539018097221945
359	0.07381609344802774
360	0.039028586986991465
361	0.025912236712728607
362	0.022289548523532498
363	0.03955816401097262
364	0.017465517608374222
365	0.03707216338103531
366	0.05313387811605618
367	0.007038773315334272
368	0.00945893860716975
369	0.04093413952236433
370	0.011249579943536675
371	0.010940155453919503
372	0.01390305438825522
373	0.03317108870711499
374	0.03672890904846543
375	0.021236971189577545
376	0.030664327544240536
377	0.060732438915492876
378	0.07954196259816888
379	0.04102219504755127
380	0.015391537357171052
381	0.08985542498744742
382	0.1322284653527345
383	0.07999860765409757
384	0.09919497673214274
385	0.12084274428738338
386	0.19870825265120798
387	0.1348040231871164
388	0.12200106545699504
389	0.10132421101123952
390	0.19143467860419514
391	0.1584863285830241
392	0.09158748364361996
393	0.15206566910116578
394	0.1584654319655657
395	0.09459635297529255
396	0.04963847597753507
397	0.07027973215441384
398	0.059990627032182324
399	0.004952859213552812
401	0.00455632854939427
402	0.011090064425468837
403	0.09083984040964797
404	0.12833929765144633
405	0.08857939216776607
406	0.08031333966515448
407	0.04126040574012592
408	0.02677556836278913
409	0.0684620886436568
410	0.029034862780781164
411	0.023515699407455133
412	0.00535446601348955
413	0.0323412538853484
414	0.004571233122547019
415	0.0063783004688019096
416	0.02090583208131392
417	0.01609435849031323
418	0.007857266761944625
419	0.008525280614358127
420	0.02993593570392593
421	0.020363809447926928
422	0.018905693913802042
423	0.04273697725235163
424	0.04574185853404729
425	0.037819596896084905
426	0.03655576883115004
427	0.07878658767519091
428	0.07284505987883316
429	0.04053560362845774
430	0.07536869652779392
431	0.09824089648807144
432	0.046826391649780245
433	0.04416109926092019
434	0.11728906198255724
435	0.10107831028103742
436	0.03940970187291882
437	0.0467024925104128
438	0.08290369122872152
439	0.08087859598598258
440	0.023106041063972415
441	0.026059410056143775
442	0.02511824053455298
443	0.05927941318678035
444	0.03417513706987362
445	0.04120761983527568
446	0.03644823116320914
447	0.0592517241724711
448	0.06885286867480396
449	0.051171372976575404
450	0.05205088306902312
451	0.05545150780522496
452	0.0911163988097868
453	0.06298369087413314
454	0.04211746549010591
455	0.06832432336625348
456	0.06994269456823926
457	0.06399011910930887
458	0.00825900729595644
459	0.010172637448493114
460	0.0018998693061387847
461	0.016907228641252617
462	0.0018998693061387766
463	0.0037850809404392977
464	0.023447187258230816
465	0.005075109324811712
466	0.017086398327030676
467	0.013868692982085705
468	0.007944231442628989
469	0.029707466849291903
470	0.03461047818912174
471	0.011628859013731955
472	0.0155889727571529
473	0.032066188570828866
474	0.03393309203212398
475	0.01683640307735714
476	0.021627228125672183
477	0.036307957595679605
478	0.02852029790398401
479	0.017849129966481008
480	0.028200132322078384
481	0.045016261424768673
482	0.020310516814068525
483	0.013226355311187599
484	0.03866874638194827
485	0.03210510967229155
486	0.013162672562562436
487	0.009050670363413595
488	0.010368647366339263
489	0.0280824996549954
492	0.016990386448819016
494	0.010022204848719476
495	0.030838095241010666
496	0.02754710037724574
497	0.014764622108760728
498	0.025110556917300096
499	0.04131837456831494
500	0.019783789194710653
501	0.019124417329084507
502	0.07068320205722213
503	0.04500844178821856
504	0.02967848903084244
505	0.057833143495282874
506	0.12623025471635754
507	0.06047832051527577
508	0.04849481556439938
509	0.11233876036641433
510	0.10059722809844948
511	0.06223445570643789
512	0.08256024021110547
513	0.11555949905432654
514	0.0919874625346336
515	0.0488887155503203
516	0.12810455937129753
517	0.11639030027884338
518	0.05034268720052724
519	0.04011841020164671
520	0.06021237597812382
521	0.05630222578833699
522	0.025532902416857652
523	0.018598525974481195
524	0.011901774497555336
525	0.027741110803940844
526	0.03985300636729219
527	0.006397290874783779
529	0.0026697077385257834
530	0.05182679733062253
531	0.06100795250521457
532	0.16333475129408656
533	0.04629610640129357
534	0.02162828056512996
535	0.08725840675951316
536	0.050975223147832295
537	0.03549541520836194
538	0.024218752632164893
