301	0.015273821285567446
302	0.011550637698910042
303	0.007819627099242221
304	0.019107984531488636
305	0.032889096456156036
306	0.008368898022290714
307	0.009736264628635095
308	0.04592176228529474
309	0.02765231260007213
310	0.006227943803590916
311	0.024561224059199013
312	0.03731101409734476
313	0.014812515819050787
314	0.006907700888989815
315	0.011380668705956123
316	0.008647741368680713
317	0.015960034849185765
318	0.019795275614503286
319	0.02080478385897694
320	0.011242057401776378
321	0.03876066406568686
322	0.07376997202799412
323	0.01645173512030465
324	0.010993649250297896
325	0.028615875411055612
326	0.0636560686919632
327	0.012361461128147734
328	0.006846778080362202
339	0.01588762888776521
340	0.030949158790062336
341	0.04152323921896744
342	0.07501219991363023
343	0.05613749380701755
344	0.07200968147789001
345	0.11226638579932192
346	0.13479096791850895
347	0.09074243737950008
348	0.1872823015066402
349	0.15957276373783746
350	0.11552014771863824
351	0.10368665116825002
352	0.17535874443775729
353	0.16845061674691528
354	0.09867576437862939
355	0.06601612009791649
356	0.13032978698049705
357	0.09311412061650289
358	0.054607799345914435
359	0.101489259623098
360	0.0666353383017525
361	0.05004210230194037
362	0.030436234369559646
363	0.033506553894845456
364	0.010452891285861021
365	0.028733622422618402
366	0.05198756865662506
367	0.0053687799179036304
368	0.009279113957212159
369	0.03142257461511333
370	0.013027884779880766
371	0.025560128349966477
372	0.015698851279720552
373	0.02737371701539747
374	0.04337820498636042
375	0.03592009576747715
376	0.028744348950253684
377	0.03551418438504872
378	0.09416945453948682
379	0.04579696471999268
380	0.013795451156825964
381	0.09724696483606578
382	0.1816931762363545
383	0.07538703058088037
384	0.08747407053138662
385	0.16582338080788064
386	0.23565117314044476
387	0.13008227384178211
388	0.1262627177706343
389	0.1608242954688615
390	0.17814276128451778
391	0.129375567984308
392	0.09733323980728371
393	0.16377186366385904
394	0.09364724517681577
395	0.07873463863660986
396	0.0476895187967398
397	0.0413425339670911
398	0.05474255255864701
399	0.0017857411924453747
401	0.0053276304713059585
402	0.00564974275842989
403	0.051767658407248306
404	0.0660259350167921
405	0.0831385333481578
406	0.10966674478624741
407	0.042197619307408424
408	0.010153733433365826
409	0.010153733433365815
410	0.008971864619151655
411	0.010695071695580085
412	0.015117832719874649
413	0.035502356576890964
414	0.008120157891514393
415	0.010868600875493456
416	0.0358033400495405
417	0.0253448635927537
418	0.014890887613635533
419	0.02092428240038279
420	0.03805884861467028
421	0.06743512632615901
422	0.054258441405884886
423	0.0626110614409134
424	0.08463944087715967
425	0.043288831875159174
426	0.038815136328716845
427	0.05278814227289007
428	0.05365573940421813
429	0.038676820290415824
430	0.041515753016162574
431	0.0533202315959022
432	0.05496377629446774
433	0.03114405979131751
434	0.06383366040190216
435	0.07093891984064195
436	0.02717765074709517
437	0.025887590054336246
438	0.06809328417458338
439	0.046051065469500906
440	0.015144664466417226
441	0.021906175006755225
442	0.024974649696200814
443	0.056662981813656296
444	0.04779315477624008
445	0.03678735204211782
446	0.040221605297857684
447	0.06344061471598866
448	0.07078283810207975
449	0.05173054239666793
450	0.053715050562654805
451	0.07410988740081388
452	0.07870783930029399
453	0.06191106025620483
454	0.04726237811032067
455	0.07239427898523326
456	0.07648499641704469
457	0.044561696668536814
458	0.0028922205813298996
459	0.0031661097157126626
460	0.004684264060390062
461	0.009885983738930978
464	0.005912427956886553
465	0.0033431600782610517
466	0.01200132336710152
467	0.005182085449744729
468	0.005340682876565469
469	0.013736993088815649
470	0.015855020222690773
471	0.009878251839850877
472	0.01078509519535118
473	0.023066040224089666
474	0.0259240327620505
475	0.013172930635161726
476	0.01926184137287985
477	0.03161357535732205
478	0.029760769219137628
479	0.01643058347839652
480	0.02514992990553322
481	0.05329762428152494
482	0.019651069186734538
483	0.012941267767622684
484	0.0435820938989665
485	0.03335825148457272
486	0.014200177820615688
487	0.009444071517328817
488	0.010977267745101847
489	0.030380764703165926
490	0.0011534072210659671
492	0.01054791544929166
494	0.008205925160035404
495	0.03407914682262518
496	0.026095068871842538
497	0.009464011542652358
498	0.013581664539963602
499	0.044144248396614724
500	0.022270074794416485
501	0.011183780029350263
502	0.03583132655446875
503	0.035685480224528054
504	0.01375405107692242
505	0.028677734903221248
506	0.091070480190192
507	0.03835464524965587
508	0.02395815502113774
509	0.0391212702309123
510	0.060884434590344316
511	0.03713217290674743
512	0.03860114387853966
513	0.042318233461323705
514	0.06438665482475207
515	0.028243282230930433
516	0.05802415117697149
517	0.07557562268473739
518	0.036148935997393175
519	0.021253789932242632
520	0.037234861140157935
521	0.03823864901050879
522	0.013644953081722002
523	0.01155811623305389
524	0.01181333349553018
525	0.01299743173440823
526	0.03165404009274994
527	0.0019403607703669566
528	0.011082400460288513
529	0.07053358045236541
530	0.02070180919218554
531	0.08084801569927375
532	0.14065044962710832
533	0.04891806647224172
534	0.04690524820890734
535	0.07368261781024513
536	0.059631171231759664
537	0.03796558765927088
538	0.026295005909726284
