pdb_file	helix1	helix2	loop1	helix3	helix4	helix5	sheet1	loop2	sheet2	helix6	helix7	helix8	loop3	helix9	loop4	helix10	helix11	loop5	helix12
1yok	0.000575693	0.003653793	0.00031444	0.031028688	0.001017794	0.052709178	0.150761843	0.053811806	0.060762851	0.026101314	0.042470966	0.004819648	0.000789519	0.000157165	2.29E-05	0.000498372	-0.029087565	0.004879387	0.061480944
1yuc	0.000743337	0.01283987	0.000889748	0.057353596	0.001668648	0.060716665	0.056454751	0.076120777	0.018288594	0.00838835	0.008052833	0.005090591	0.003343061	0.000391299	1.41E-04	0.001046333	-0.048620049	0.027062429	0.039155943
1zdu	0.000201879	0.007947441	0.000460207	0.050668702	0.002126522	0.050298235	0.039572384	0.072325356	0.017995626	0.018921851	0.018822013	0.002609066	0.001172167	8.08E-05	1.13E-05	0.000376555	-0.050529857	0.020619758	0.072636203
3plz	0.001271401	0.015655661	0	0.055139285	0.004365129	0.054101877	0.127785247	0.116407184	0.011096017	0.025059598	0.021332544	0.00417759	0.000760514	0.001089943	1.29E-04	0.00083644	-0.015596967	0.02369172	0.037046093
3tx7	0.000625131	0.005512749	0.000426968	0.044519678	0	0.043169066	0.104699802	0.075047974	0.072744799	0.061702295	0.030443886	0.001431031	2.24E-05	0.000217822	2.03E-04	0.000574367	-0.025690074	0.020531508	0.054882582
4dor	0.002067267	0.01095517	0.001887859	0.067321455	0.004443109	0.058593993	0.054307083	0.080375387	0.018430611	0.016434511	0.029737578	0.007631847	0.000997156	0.000903889	1.69E-04	0.001584156	-0.02862589	0.028173782	0.040670051
4dos	4.02E-04	0.028617416	0.005938907	6.70E-02	0.000910642	0.038744633	0.059148645	0.065610723	0.060589623	0.048826516	0.02290781	0.002704761	0.000156626	0.000440288	2.27E-04	0.001476508	0.034294187	3.60E-02	0.061555767
4oni	0.000311982	0.008313341	0.000734146	0.033682693	0.000433198	0.057376436	0.145752369	0.071986578	0.021480953	0.015990554	0.030567776	0.00179962	0.001174647	0.000277651	8.21E-05	0.000853508	-0.044902727	0.017223041	0.018641309
4pld	0.019234613	0.030206165	0.007325692	0.081821067	0.029527579	0.085717648	0.076756401	0.061078159	0.019301676	0.014691374	0.054610618	0.056934574	0.008930749	0.023156959	4.25E-03	0.023563645	-0.070371592	0.014760482	0.064727867
4ple	0.001660221	0.002323433	0.001876217	0.045064068	0.001737237	0.046692235	0.04992832	0.015369438	0.048707103	0.063348388	0.031489215	0.005910898	0.001757435	0.000691863	1.24E-04	0.00088387	-0.046582177	0.030243795	0.06993594
4rwv	0.000913504	0.003978705	0.000282592	0.043672848	0.001150244	0.043445721	0.059859239	0.053475146	0.037659107	0.042981209	0.027649588	0.003051256	0.001014029	0.000203889	3.82E-05	0.000389924	-0.053158527	0.010822369	0.074276341
5l11	0.015617421	0.033968442	0.012120771	0.087245566	0.020993851	0.090049999	0.045139348	0.044617561	0.016427839	0.025267382	0.059047232	0.05896552	0.012628244	0.021853136	7.34E-03	0.035949846	-0.058355027	0.012441353	0.040009793
5syz	0.014760745	0.02926453	0.010710909	0.08514217	0.024236331	0.094927802	0.075324478	0.050406404	0.017226087	0.017766806	0.050439952	0.057061129	0.008487729	0.020445882	7.41E-03	0.032383794	-0.050731792	0.012629853	0.053846301
5unj	0.018808281	0.02036438	0.001765292	0.096289101	0.025358332	0.088195062	0.041147779	0.051062073	0.011594923	0.021755035	0.047323646	0.058564521	0.003735521	0.020207989	2.93E-03	0.02112799	-0.039531734	0.023336858	0.063662871
6oqx	0.026081029	0.02075909	0.005134126	0.083458343	0.041481938	0.096880904	0.030195224	0.034280668	0.010748931	0.018421255	0.047028078	0.086319654	0.018635224	0.038344029	9.92E-03	0.045035628	-0.053162748	0.0125888	0.053940137
6oqy	0.013662662	0.026514255	0.004330089	0.087201555	0.020874816	0.086447792	0.064650106	0.067561047	0.023111347	0.030738433	0.052478117	0.051808907	0.011350072	0.018311883	5.78E-03	0.027101948	-0.058918369	0.011046852	0.057731726
6or1	0.032762639	0.021223868	0.003412161	0.079031246	0.029666504	0.083683331	0.02724146	0.040638272	0.010503257	0.018644811	0.044224923	0.101693554	0.011849494	0.046108873	1.27E-02	0.056007125	-0.060972484	0.011453746	0.05695948
6vc2	0.00053973	0.015342282	0.000710726	0.044758995	0.001577603	0.053362681	0.145898791	0.115398322	0.021780958	0.017204265	0.018099958	0.004535262	0.000440037	0.00024329	3.67E-05	0.000387194	-0.006567317	0.007744801	0.010284039