301	0.01578168126715244
302	0.019181951883562996
303	0.009761635426971806
304	0.02806168637706628
305	0.04949638192549719
306	0.016269784722683582
307	0.015668555771406734
308	0.0447557868819947
309	0.04116845988250169
310	0.010365018790272355
311	0.03156788090400362
312	0.046149656521225546
313	0.015117256103445035
314	0.010078490038171857
315	0.010225721748685782
316	0.009372349136822266
317	0.010774384926758467
318	0.023052424229986927
319	0.045356746153098655
320	0.011931138592107827
321	0.016347741568648645
322	0.046293614377753624
323	0.023224785165093003
324	0.014580754453316098
325	0.025561242197122257
326	0.04509795585427521
327	0.015094935412150196
328	0.01210656502015614
329	0.013719316961237264
330	0.02008636265028124
331	0.009202281295633679
332	0.005208405316493877
333	0.017340039974387822
334	-2.300464642395549e-17
335	4.1165086730400786e-18
337	1.0791443349758247e-17
338	-3.972163055294242e-18
339	0.014456406821856315
340	0.02357544242840388
341	0.05633465183856352
342	0.08220663302332218
343	0.041521325072249614
344	0.05471811807281069
345	0.08898546082499709
346	0.07763076264940105
347	0.0758666386729158
348	0.1197497099912084
349	0.11983398861783531
350	0.11380002581016635
351	0.0803419747163421
352	0.14609331342458817
353	0.14439343248794576
354	0.08834996405045648
355	0.05982810397977346
356	0.1379418211808612
357	0.09920316349682995
358	0.05230390702127938
359	0.09571914574393639
360	0.07254000264979321
361	0.057137328937172216
362	0.031466975030637244
363	0.05144094286922069
364	0.024164786272941764
365	0.03964420667149382
366	0.09487213011254542
367	0.009623104001914793
368	0.011593326021790275
369	0.05167692129316808
370	0.028104479923503595
371	0.05025853442953172
372	0.035174494618442464
373	0.054851652441776956
374	0.07807952245685881
375	0.07731830122953624
376	0.06129089875931244
377	0.0892705250043283
378	0.12663803238597293
379	0.0764580165749627
380	0.05871079198734702
381	0.11538165032907881
382	0.13932676770977842
383	0.08854245061955635
384	0.10778364528525941
385	0.13578507583851027
386	0.19405895696658812
387	0.11937154077318904
388	0.1467234052421909
389	0.11810094879091845
390	0.15514255536948618
391	0.13841055600726854
392	0.10196789569291699
393	0.14341222100247766
394	0.08717788493782319
395	0.08866544274927428
396	0.04884891132308369
397	0.04781015835158362
398	0.05413978183928523
399	0.00037726004905848295
401	0.003787101443685445
402	0.0029640146339058506
403	0.044550142906252865
404	0.04307151269547121
405	0.037619151941892894
406	0.08860470358993434
407	0.02983013387134651
408	0.010561179768784248
409	0.004788169040999183
410	0.0058594060569219526
411	0.017050673149617463
412	0.009336713605229032
413	0.02608728395440438
414	0.0036667918540043603
415	0.006923196249735772
416	0.04882851568215848
417	0.017603937115900248
418	0.007417802296688704
419	0.03763887944654824
420	0.048038639772749324
421	0.021602088859285575
422	0.012123335637013895
423	0.020552278200192932
424	0.04222932226242823
425	0.0295771296791761
426	0.024064172928687105
427	0.04160796730434122
428	0.040245569681587344
429	0.04252659090846393
430	0.05023812832316571
431	0.042022285271805376
432	0.06455819153383335
433	0.042341892037554035
434	0.10526017913413198
435	0.08370381736602807
436	0.035274292892995524
437	0.06416265515663956
438	0.10021981309926865
439	0.06303233208532252
440	0.02331017308584351
441	0.04187425215724411
442	0.044091248106509266
443	0.08409062733845772
444	0.05884171748248653
445	0.05105429018102479
446	0.05822558477161526
447	0.10337771710281111
448	0.09646465383316961
449	0.0741903748160793
450	0.0873262628675656
451	0.12022521747420936
452	0.10674970161163704
453	0.08823986733068079
454	0.08770558914083204
455	0.096507206128547
456	0.09518332804909588
457	0.08438365001902266
458	0.02813941737561175
459	0.012202645188641996
460	0.00747271488205197
461	0.0352860740422921
462	0.007801111103930645
463	0.007801111103930626
464	0.039820053863479886
465	0.010558663984929774
466	0.02359276372789851
467	0.019020850199111247
468	0.01168446066263314
469	0.02569866528500943
470	0.05313375300212073
471	0.021007988458085262
472	0.023276451732160013
473	0.047516725821834735
474	0.055843541685653586
475	0.029867810724586427
476	0.03643390980113427
477	0.06017013057641846
478	0.06217533037166372
479	0.032267551571724354
480	0.04280100554664558
481	0.09131846532148066
482	0.03694992204840886
483	0.02514901683623042
484	0.06927189555295866
485	0.03782333002832018
486	0.02651580676621347
487	0.016996234374882405
488	0.016832059063212525
489	0.05490902601362494
490	0.0021632822391392586
492	0.02739402101566079
493	0.010112870530261504
494	0.017607807320250506
495	0.06408736916140484
496	0.054355638553510714
497	0.025098033568142514
498	0.03785479793460681
499	0.0753862232115456
500	0.05978548391099578
501	0.02610966596484233
502	0.08357160031935179
503	0.0849754890708759
504	0.02658338723082873
505	0.061243651228397464
506	0.11341865187559586
507	0.07395201375444208
508	0.040645549871157226
509	0.06815015927861084
510	0.09327247164413943
511	0.051359599859255346
512	0.04662152245429253
513	0.048555768475168036
514	0.0835132740129199
515	0.03643174570034961
516	0.05555513487111728
517	0.049948201737155834
518	0.03230805599683396
519	0.025446415219699477
520	0.03722480698934421
521	0.034244394896055706
522	0.010469583878942708
523	0.012088971068361284
524	0.01233542845752459
525	0.009096606440814222
526	0.0348009862582537
527	0.014941150578267174
528	0.004358629660825722
530	0.03488473222410094
531	0.07715473515147801
532	0.08108112349092177
533	0.042113905888383735
534	0.03440846812000115
535	0.08375606958253146
536	0.04959147116663509
537	0.02853058926222344
538	0.03502363432160305
