300	2.9309452446682676e-05
301	0.0002683984122541404
302	0.0003879074728058389
303	1.1368553914655417e-05
304	0.0035873418798051306
305	0.0005497133177504245
306	4.305387015365633e-05
307	7.087171976465446e-05
308	0.013267292279637629
309	0.0002573047160600254
310	0.00043044671125561177
311	0.014232214714967356
312	0.0020297102259716373
313	0.0012672724247805769
314	1.9374520618720495e-05
315	0.03913225156044585
317	0.00012078102511319743
318	0.007900193536388935
319	0.007322802435067289
321	0.00073357603307382
322	0.04798264155737498
323	4.498454728292239e-19
325	0.023631952605623372
326	0.0485059635515042
327	-1.3653316387807942e-18
328	2.6264342703532477e-18
329	0.009469808825542084
330	0.0014185121074198259
331	0.0002465457040914601
332	3.7771832428443424e-18
333	0.0074233381398810805
334	0.0002465457040914451
335	0.00024654570409144333
337	0.0011907799069936864
338	0.0015369692733785282
339	0.006100006644454953
340	0.0870230237699033
341	0.023904660407293866
342	0.17344586955050553
344	0.001206047857632817
345	0.14902197818434643
346	0.1488999562938672
347	0.0279796263026904
348	0.18077411880633878
349	0.1133312064792725
350	0.04789762088926394
351	0.013992216463872494
352	0.1640055689136324
353	0.12577361438660078
354	0.015613073626569178
355	0.027022384221824305
356	0.16907565242284592
357	0.005685306174984062
358	0.004452341944829858
359	0.06132695259699246
360	0.005089220753424733
361	0.00026049699820855204
362	0.0026125389341127925
363	0.006990142534595913
364	0.00026049699820857323
365	0.005612342625122194
366	0.009926301024545225
367	0.0016239418307017759
368	0.000404061329018999
369	0.0046488981736831575
370	0.00044759336953978417
371	0.00039676787576537837
372	0.00020884958547538645
373	0.0015276340145188067
374	0.0024734563352557274
376	0.001301971157098068
377	0.011811234415610735
378	0.016027652229567185
379	0.043688919333281846
380	0.0005051235553421622
381	0.03171995094742978
382	0.18622040266175813
383	0.10208449588229161
384	0.012489682099381724
385	0.13391689924275077
386	0.19049973706160395
387	0.1469559226820857
388	0.008095355086811706
389	0.14905690595406254
390	0.22318979087134255
391	0.034658600703227856
392	0.0038713806490518294
393	0.22271449654763548
394	0.08244648484997809
395	0.012464998908484667
396	0.0006210093360086156
397	0.021236492045608367
399	0.002697248214758217
401	0.007929546159812768
402	0.008869379770336073
403	0.06079554046382782
404	0.09325632875869017
405	0.18182354605605922
406	0.15944366407820365
407	0.04565045000153635
408	0.014959275785815664
410	0.016814682064875672
411	0.03847715208477057
412	-5.245770570580205e-18
413	0.04943289863590072
414	-8.992069947496109e-18
415	-1.5318257953615803e-17
416	0.04917416372334343
417	4.289901549857662e-18
419	-2.291437998842511e-18
420	0.035386885095154155
421	0.0022333469333919
423	0.027854906412599467
424	0.15750544420651993
425	0.013922715165803155
426	0.001372473854079388
427	0.06102086259853414
428	0.1693327546479285
429	0.00836494745457547
430	0.008556020677825533
431	0.03381768461969134
432	0.07336395060867668
433	0.002714297594864262
434	0.017150419622945674
435	0.04148715133588771
437	0.001713010589787385
438	0.010468694647707086
439	0.02187974613996462
440	0.00027478454468178294
441	0.0006834318112414527
442	0.0005100625451752211
443	0.004737932748642899
444	0.0015400192806691085
445	0.0008064762759396338
446	0.00037116532682473407
447	0.002792104377781781
448	0.004770279359662591
449	0.0004263994975947446
450	0.0005931662990532798
451	0.002826860168544679
452	0.012226841663823273
453	0.017794186086190746
454	0.0011836296861816975
455	0.030214501687056722
456	0.021799970387399694
457	0.009500253386776762
458	0.0004421990595050491
459	0.0008381745174035926
461	0.0027067480563313915
462	0.0002088495854753714
463	0.00020884958547538873
464	0.003255575078430193
465	0.0003168468196328871
466	0.001149792485348922
467	0.0006961602876681689
469	0.00251892382206081
470	0.0022515513974044805
471	0.00024612310823683443
473	0.0026299147615592975
474	0.0020313565509306004
476	0.0014757241624620565
477	0.0012823283897124378
478	0.0011414467832470136
480	0.0007258506249116063
481	0.0018657650704253011
482	0.0001608891208822248
483	6.222435455395173e-05
484	0.001080432165450699
485	0.0015182654478181413
486	2.580827234193958e-05
487	4.7015380952457366e-06
488	0.00017801398719095266
489	0.000648106642625567
491	8.18192865069258e-05
492	0.0005932269622811087
495	0.001856583954233499
496	0.0009771766960156847
498	0.0018107122923504248
499	0.004807018008372879
500	0.0029236318421755423
501	0.0002981281789411507
502	0.008593434483948153
503	0.010231082273563124
504	4.7822830982796616e-05
505	0.004129579391564249
506	0.030642572550489577
507	-8.194063189725978e-18
508	0.001887448760771701
509	0.037485196602973135
510	0.047646346433403326
511	-6.577108555567074e-18
512	0.01176638125199923
513	0.03549787119548421
514	0.046247075615446054
515	0.001887448760771693
516	0.1736478655216052
517	0.07720370689873828
518	0.01802648016665343
519	-1.860460078495885e-17
520	0.08469548798355664
521	0.037242172135987
522	0.002891633113268756
523	-1.3521679606049053e-17
525	0.027822504178032396
526	0.10369538233829834
527	0.03139668035688438
528	0.006128127129900192
530	0.018847749876942377
531	0.035442276039248495
532	0.08674840343705537
533	0.03820282789644815
534	0.005685306174984056
535	0.06819033063156554
536	0.05724972905345526
537	0.014993788293175497
538	0.017946584185884556
