300	0.0007792020001538133
301	0.013208014965246716
302	0.00773371002312895
303	0.005507978535583068
304	0.010941941653700379
305	0.02762538725681145
306	0.006586996592509946
307	0.007174380608930539
308	0.03068718799086469
309	0.021577810210327966
310	0.005128566227211913
311	0.020613056085480773
312	0.03043840748997701
313	0.012553348432397351
314	0.0113151812365591
315	0.04222977879049123
316	0.011571681951431595
317	0.010296927282267502
318	0.020026184422741074
319	0.06098871306097262
320	0.01383610512020355
321	0.018556929093258765
322	0.05322255691144548
323	0.02373052664981305
324	0.018843149680864864
325	0.03901069405414861
326	0.050003012372988355
327	0.016298297037723303
328	0.014606148931654399
329	0.02777521396892042
330	0.018431232341171732
331	0.010025892669207667
332	0.00727146772943327
333	0.01898771238937789
334	0.00029611625566315885
337	0.002389614013438055
340	0.013616481218481186
341	0.0832748031085664
342	0.1113386005788796
343	0.04643469842553757
344	0.06344827392438891
345	0.12918188146182513
346	0.10933010912192488
347	0.09002579745175607
348	0.16174870213562498
349	0.14492109014192286
350	0.1007954837937438
351	0.08601804422259375
352	0.16295261904408745
353	0.14372825742588594
354	0.08060548126436522
355	0.053322440934463526
356	0.10688700424235315
357	0.07405567230342651
358	0.049579194095675856
359	0.08127746492419145
360	0.050476822287873965
361	0.03722450927429899
362	0.025392331962165872
363	0.03923432553580457
364	0.007970928832599469
365	0.011911509783718034
366	0.05153926533821621
367	0.005849582021444387
368	0.00633789104115256
369	0.028735830219653053
370	0.016582888963626148
371	0.019137580244999973
372	0.01867147438575624
373	0.03447960191600691
374	0.04478946829046136
375	0.048224807004213985
376	0.03740313563733953
377	0.06504807054735622
378	0.08722495746506398
379	0.04389072325108581
380	0.043621955597750506
381	0.08948953038060392
382	0.13889723473284774
383	0.09201372793661815
384	0.09565711178944307
385	0.09708679978179838
386	0.20379766362582163
387	0.1249643089718753
388	0.1132622461523832
389	0.1178112780103993
390	0.18229649043132712
391	0.13029564581237157
392	0.08958445883553028
393	0.1902010975820115
394	0.10364230279452774
395	0.08591124944085561
396	0.05081645380354095
397	0.05573591550794156
398	0.05556181264586425
399	0.01626557573194614
401	0.005934537201924303
402	0.00869321299685135
403	0.05749191616038143
404	0.12776518917182636
405	0.13090488213387869
406	0.11727676844691921
407	0.029579454507372656
408	0.023779075857145546
409	0.03626505498082815
410	0.018925254133762743
411	0.03496210230802525
412	0.01544668399958521
413	0.04212446483347761
414	0.005766365169179585
415	0.010891655505809304
416	0.0850489392619706
417	0.028711841026039228
418	0.01188732855558783
419	0.06056002273827568
420	0.08567171736364629
421	0.03714648277852887
422	0.015553231815819985
423	0.030434623799250087
424	0.09991100617069422
425	0.045544560174446504
426	0.028662899931275798
427	0.05130480067205687
428	0.10092582734633115
429	0.04567518933002736
430	0.053853517357306376
431	0.048642281903419564
432	0.04993775821754346
433	0.04582586943385639
434	0.0987098708903067
435	0.08026912549449075
436	0.03266343496875796
437	0.05002741727515985
438	0.08666254450245514
439	0.06862089043530878
440	0.020193679045856644
441	0.03036856896668192
442	0.033584987193506104
443	0.06341756664629128
444	0.045125975576789754
445	0.02243752588591877
446	0.033698016458880535
447	0.061894477439704026
448	0.06588822595319718
449	0.04240143443592127
450	0.05120001643801419
451	0.07724899269333102
452	0.069689510580685
453	0.05094187894707391
454	0.03757693800720113
455	0.06681698970182884
456	0.06913243304323571
457	0.03127227610813092
458	0.019818056702586337
459	0.003936706363240909
460	0.008171393340048223
461	0.023572951658422523
463	0.004634922800379443
464	0.02433898517234949
465	0.0063275631625363035
466	0.012583813193060291
467	0.009116291269943814
468	0.004626561171699296
469	0.011542134464194453
470	0.02679192882139502
471	0.008164340362172126
472	0.01033515001055918
473	0.018836168168410345
474	0.022652341868157833
475	0.012540866178386399
476	0.016948948412226102
477	0.028628317460687176
478	0.020283391226561105
479	0.014604987157824396
480	0.021023121840450423
481	0.05286977632756268
482	0.016532738944792392
483	0.010508862121354151
484	0.038676310306414684
485	0.026991055609106356
486	0.013165797701368756
487	0.006288043912673905
488	0.0094396079408526
489	0.02633464619869123
490	0.0007792020001538016
491	0.0012883871914371164
492	0.015592201683161968
493	0.005451365586877339
494	0.01039709245443921
495	0.03938033858273161
496	0.029743188046238992
497	0.014248519094601652
498	0.020743884664097295
499	0.061870713384157616
500	0.022278003143189975
501	0.018153845027043054
502	0.06910020997606997
503	0.05883117856785092
504	0.025770378253031915
505	0.05599285141757758
506	0.10343066066333809
507	0.06594192537982624
508	0.039594612599905904
509	0.08427272549306596
510	0.09199527758358864
511	0.06323854001700305
512	0.05593739985352794
513	0.05975226949770358
514	0.10165706740213153
515	0.04297824469521261
516	0.06470934637254944
517	0.10260481778199668
518	0.047710321480297004
519	0.03000915021981827
520	0.057937334746875714
521	0.039302731279566405
522	0.018626755600498413
523	0.016810323907713517
524	0.016014383623757684
525	0.012049797201666325
526	0.015368417741040178
527	0.0164023530572947
528	0.001984470834516841
529	0.004461689428930464
530	0.04233874508675163
531	0.07131768153001258
532	0.10786587180266045
533	0.026780772735394785
534	0.03600516816985783
535	0.07165778224284089
536	0.07395846336743754
537	0.03192932195291865
538	0.01321916183072726
