300	0.0011850116751681166
301	0.014250747154605354
302	0.011094454266836086
303	0.004985150731204302
304	0.018916791752604
305	0.028209876028193588
306	0.009903601660823087
307	0.009426806205028697
308	0.021447072919552373
309	0.023051033788315394
310	0.005811920610379926
311	0.021816064720557703
312	0.030651355248063623
313	0.014052898900398205
314	0.012060304686581038
315	0.03546023874869469
316	0.0122275775318638
317	0.013192956094605713
318	0.027242062351689977
319	0.058215728369612654
320	0.015269933717833183
321	0.026533341297263962
322	0.054052016567664236
323	0.02573330143810797
324	0.020374603359162805
325	0.04364945911364816
326	0.0558047783560348
327	0.018532304144683674
328	0.01683302769519582
329	0.031275619867235344
330	0.03103975764318845
331	0.012243631528697712
332	0.008147025827299
333	0.027542592399885036
334	0.0015323993417745746
335	0.0010978536936475521
337	0.003554491683865237
338	0.008980211494444284
339	0.033299973904367654
340	0.030213657648888833
341	0.07141048262214757
342	0.1018865898778609
343	0.047405551093792075
344	0.06608934667058768
345	0.10800520897837237
346	0.08252520399648204
347	0.10030951023782801
348	0.14141905645938668
349	0.1329044680352505
350	0.12584549654510263
351	0.0817301556064935
352	0.15656392362975283
353	0.13635639465186092
354	0.08163512225106886
355	0.054942218524855535
356	0.11000283525278261
357	0.0802377826454977
358	0.04454569471827754
359	0.08770768456434327
360	0.051626230228212396
361	0.03777747449496839
362	0.02712982949368571
363	0.03548073643756685
364	0.014484902997230799
365	0.021813394476351684
366	0.056277097152777324
367	0.009425117145513745
368	0.00700435321451915
369	0.02666169321271981
370	0.015117135544474814
371	0.022448210482009536
372	0.018030832113608248
373	0.0280921974139587
374	0.04429837080795978
375	0.045981958974447436
376	0.033366074142685546
377	0.04500459848858014
378	0.08535099671114994
379	0.051516371973613966
380	0.03887349129651595
381	0.09245471081187495
382	0.12784594173868333
383	0.08450380191000849
384	0.1033596353330661
385	0.14314942925440938
386	0.20488868207878752
387	0.13864870638883822
388	0.13584494305285139
389	0.1678391013625888
390	0.1978508109677844
391	0.14657335730846766
392	0.10476502559452297
393	0.18932954407427138
394	0.17144081094721417
395	0.09651457540133732
396	0.053872774778556516
397	0.07101635970351387
398	0.06607946451115577
399	0.017115552702308277
401	0.004761542444187042
402	0.007522603271817896
403	0.1030873766368474
404	0.11536345261942982
405	0.08127596912560688
406	0.1099015695221609
407	0.033865073421385956
408	0.017053214773731975
409	0.009936193926449864
410	0.017115552702308277
411	0.027302201593037013
412	0.007260507203617392
413	0.03735612748485454
414	0.00159228470885608
415	0.007732029758103732
416	0.03144029743016276
417	0.020217089291076712
418	0.008263010397083997
419	0.0477228538519581
420	0.06180645798248204
421	0.02090923905574198
422	0.01313286184506962
423	0.02993599887459518
424	0.04728990384515002
425	0.038039191534049666
426	0.02578366974889911
427	0.04360117670904184
428	0.05481760982907782
429	0.044939120655048334
430	0.05797405182499912
431	0.04401370423438231
432	0.07468535980021863
433	0.04254851842770652
434	0.10188975099676911
435	0.09684316113482795
436	0.037087442421930246
437	0.05909378129130366
438	0.09412589417049297
439	0.08323114214986957
440	0.023597721946815628
441	0.03529100455410301
442	0.04084864701126044
443	0.07010932309680465
444	0.04961023004580692
445	0.023382245134087706
446	0.03524461584085214
447	0.06679091206143534
448	0.07349978319752375
449	0.042244105434191985
450	0.052466907579747105
451	0.0848608383063289
452	0.07627171976366943
453	0.05636838825609272
454	0.050968278080249896
455	0.07521085486341644
456	0.06592974952262272
457	0.04600718135521232
458	0.016801270546018633
459	0.0033649318863336435
460	0.012392463427490112
461	0.017432542531166585
463	0.004079087420460855
464	0.008549084014040139
465	0.00528245084403763
466	0.010456212580625528
467	0.005774393719624346
468	0.005320947031247274
469	0.012145152182732596
470	0.018630569149093067
471	0.008821780619392197
472	0.011231888065790027
473	0.023470554959389933
474	0.027524432607480095
475	0.013810993577396617
476	0.019729536552891235
477	0.035093450644532474
478	0.03324395433948752
479	0.01686875100013416
480	0.024174069257973274
481	0.05789960911291388
482	0.020404487821711965
483	0.013303361855202422
484	0.04321001034653834
485	0.025464763448649064
486	0.014816736533478207
487	0.009693145387195337
488	0.010022035569852766
489	0.029590318744641658
490	0.0011850116751680984
492	0.022391119072280644
493	0.006066885291858967
494	0.013983464087170487
495	0.04570105536280258
496	0.03172360233440675
497	0.017902238839760727
498	0.030273676202422044
499	0.06620586975697611
500	0.03282320947963627
501	0.020457236446584714
502	0.07310573984996652
503	0.06264567727901038
504	0.026302119444023837
505	0.061134239485287276
506	0.10486982718067869
507	0.06249424391261009
508	0.034995296189598644
509	0.06437579954042083
510	0.08817351949033343
511	0.04655555797586585
512	0.04298025015248553
513	0.046636292176897166
514	0.0847939214366987
515	0.034800111174370506
516	0.058861238053011
517	0.05244150899860122
518	0.03902648769015171
519	0.026741803873806317
520	0.04117994510328233
521	0.03645970380486214
522	0.014451448749646423
523	0.013074693923062134
524	0.012760898065247052
525	0.02564123574915369
526	0.03737698341705987
530	0.04941713475312183
531	0.0711975473506023
532	0.07647902322842808
533	0.04368439255850792
534	0.03698307621220968
535	0.06399697007947032
536	0.060572323687044495
537	0.028439937188028508
538	0.01921753144317394
