301	0.0005799161179256455
302	0.0007298505217466277
303	1.7320215415983456e-05
304	0.0011280116672693727
305	0.0022392446882571653
306	0.00010170674484863543
307	0.0008053256125622483
308	0.004899436686313272
309	0.001384592070652518
310	0.00013714344225960283
311	0.005081642624491707
312	0.005857764944912061
313	0.006459518123689669
314	2.081974017123369e-17
315	0.014104553654843865
316	0.004789236875153239
317	2.822514838885238e-17
318	0.015009071717930925
319	0.028123073598282082
321	0.0025559795049473156
322	0.07656390634580638
323	0.02730748742964482
324	-2.447928572713997e-17
325	0.004779907491696063
326	0.078697232423063
327	-3.834390106056815e-17
329	0.014215793139214613
341	0.023619806799163742
342	0.09902083385189096
343	0.02973489652741584
344	0.03767044054014206
345	0.16851202535781953
346	0.1448726046835295
347	0.01340179572392325
348	0.19758632674716134
349	0.12951036202281674
350	0.02474906596373302
351	0.013852497005162383
352	0.1607292531624649
353	0.11121187432047523
354	0.009871740738246704
355	0.0025559795049473143
356	0.07309552237721857
358	3.8595108821082203e-05
359	0.022922128666921573
360	0.00502116661519127
361	0.00011331795797573891
362	0.00011331795797572418
363	0.0034541623482061082
364	0.0034638303349308133
365	0.005035866779551202
366	0.00936516960970119
367	0.0006268239036924162
368	0.00048409979388122767
369	0.0063136852032583315
370	5.365168102574803e-05
371	0.001960399165594532
372	0.0002004961753659237
373	0.001796367645172581
374	0.0030038880817580592
375	0.008507851983147545
376	0.0011773417859624303
377	0.0066488445623252386
378	0.016665665746188135
379	0.04799890619402905
380	0.0005854562855520269
381	0.006789356286516924
382	0.2158217965737553
383	0.010078024848673223
384	0.005097719463549574
385	0.018412536565758347
386	0.22716328608586842
387	0.10290848105313173
388	0.0024362987468578216
389	0.11022620424942611
390	0.2280148475597463
391	0.02904014762281958
392	0.00389393615255575
393	0.2593712598442347
394	0.11024727177936135
395	0.013265434985589509
396	0.000663120357244702
397	0.08282392599205121
401	0.007657768673660466
403	0.17047779427905643
404	0.21287794746385413
405	0.17410001697919564
406	0.18168182955927573
407	0.1603534130358706
408	0.03625218674402273
409	0.029648474174334083
411	0.03146826202863998
412	0.0018197878543059138
413	0.044967496413733564
415	0.010686050636880983
416	0.08450020368872259
417	0.010203837326872573
419	0.005842138018530458
420	0.02704396350693339
421	0.00254606865321212
422	0.00303227120837394
423	0.009939332273577716
424	0.1438550896382922
425	0.014950873800384587
426	0.0028550498960340496
427	0.006619882531953625
428	0.13358747330164109
429	0.008143971228822279
430	0.005589012747715466
431	0.02274936453723339
432	0.05262122827507382
433	0.00018882819662506637
434	0.009391502551217623
435	0.036016921293507836
436	0.0011088257711091504
438	0.008945497889331123
439	0.006322352933369857
441	0.0004062438339575327
442	0.0004461662775352438
443	0.004118327755711266
444	0.0018203243836216946
445	0.0005106372984174584
446	0.001064397705054994
447	0.0029477330348101796
448	0.0029985341505921153
449	0.004826877295236632
450	0.0018538712113078367
451	0.0017767978839096804
452	0.006648614986988862
453	0.00955369475861054
454	0.0018304343414236486
455	0.005314001186658485
456	0.009492674227056751
457	0.007847670798660701
458	0.00043581489534733395
459	0.00035599202892282606
461	0.0019737101738617523
462	6.062389113408115e-05
463	0.00020049617536593912
464	0.00274244665140696
465	0.00031505022898052295
466	0.0015592928693422142
467	0.0004968557227124554
469	0.002842702185575235
470	0.004010913179829722
471	0.000175160145212745
473	0.0032998030436233432
474	0.0018546513066486823
475	0.0001757172961408669
476	0.0001920954711301419
477	0.0036506685568491897
478	0.0008566765712999728
480	0.0005905555517522431
481	0.0020485466306563406
482	0.00010671899704232616
483	0.00010056903685840505
484	0.002046540390637714
485	0.000965482330947118
486	1.8173780121428757e-05
487	1.6134167682726444e-17
488	0.000348516909827775
489	0.0008189595992355796
490	-1.9734445604615236e-17
492	0.0005153478320724461
495	0.0018009916346012978
496	0.0006084952041852296
498	6.918155453720836e-05
499	0.0036209016256897727
500	0.0005612273596597634
501	3.071368298841533e-05
502	0.0024844117827951626
503	0.000904951243995848
504	0.00018035507319311372
505	0.002022416456574268
506	0.002882342425320722
507	0.0010283567137064947
508	0.00036464014311437875
509	0.021203319471871346
510	0.020709826488090555
511	0.00017512466682857014
512	0.002141218287801869
513	0.0035267931987649956
514	0.038469755130637794
515	0.00043538295641865163
516	0.051745276747971004
517	0.12042265440902389
518	0.002556630053176761
519	0.010292194706237337
520	0.040748104033162855
521	0.011712205417924086
522	0.00043538295641863884
523	0.008691940444820542
525	0.02380204101734413
526	0.056018515070646153
527	0.029734896527415865
529	0.03259486392525092
530	0.0013233085988686869
531	0.03321918629900149
532	0.1028633971156558
533	0.007770654509134544
535	0.0739841265283922
536	0.07477815292602498
537	0.002429920498016452
538	0.05752669029635887
