300	3.494125978800376e-05
301	0.00028843657536563327
302	0.000385893022217615
303	6.561891547572556e-05
304	0.0005424955693673422
305	0.000797582543475048
306	0.0002663399516678878
307	0.00010950803439044661
308	0.002268184984696082
309	0.0011714700945091587
310	1.911889572149106e-05
311	0.001581470777893425
312	0.002504925896050483
313	0.001533265475328146
314	8.364768738471867e-18
315	0.011775548637879708
317	2.4414415242332072e-17
318	4.977153015174447e-05
319	0.00520020101951325
321	0.0012980041496152654
322	0.019044048539423673
323	0.012609906252822427
325	0.007743465335841246
326	0.027048939629092803
327	0.0022015506355081626
328	6.042022591291277e-18
329	0.006265346368797701
330	0.00047991902362402953
331	1.7495921387376634e-17
338	0.001093860414451366
339	0.00274885065064518
340	0.008092575868598031
341	0.12292266185002337
342	0.1515392966309495
343	0.0004799190236240318
344	0.0026061818990945704
345	0.1670351967128476
346	0.0312552463467862
347	0.012178677653876348
348	0.10669983647528346
349	0.12554496267461734
350	0.019899495666235216
351	0.006864471677431544
352	0.10472293130557654
353	0.10326181700603866
354	0.011232380428809878
355	0.00028507830760288676
356	0.035516687233622356
357	0.003764759618069664
358	0.0002850783076028715
359	0.008782143636734699
360	0.0006572855311943583
361	4.977153015174518e-05
362	0.0002761073656141509
363	6.946902913242486e-05
375	0.001688954998636631
377	0.00041348701603829063
378	0.009673892507645079
379	0.02889397159194015
380	9.7771329946104e-05
381	0.0032496156643341905
382	0.11049673189802854
383	0.00738268130509291
384	0.006100610063157858
385	0.007299011236906028
386	0.18734914066594885
387	0.09695996759571723
388	0.0012580676310232288
389	0.06101597409154074
390	0.24715704769219587
391	0.02523556439774794
392	0.0008283992987930606
393	0.24476061034432156
394	0.09369257886706159
395	0.007587845354246722
396	0.00014462938630526763
397	0.06744726285386603
399	0.02934674974260917
401	0.022176760051545168
402	0.060278079922251454
403	0.12403720373077626
404	0.12978412267710104
405	0.21787029741384095
406	0.06468600089978645
407	0.029785391393806336
408	0.02265887723746452
409	0.04023930302739702
410	0.0383063845820825
411	0.179928010725165
413	0.1270226815277295
414	-3.4022475916770424e-18
415	0.0362657178700444
416	0.20692536724520832
418	2.3788114440856824e-17
419	0.027792536400481536
420	0.07557086006869194
421	0.008881577476520235
422	5.750686660507365e-06
423	0.03059981936355529
424	0.17505340171513667
425	0.05087135292268631
426	3.293842917303581e-05
427	0.03159309463813016
428	0.24258035454110244
429	5.750686660506583e-06
430	0.00017716133435778618
431	0.006227276924075981
432	0.0715549331446773
434	0.005446305710292417
435	0.03566821355659529
437	0.0014579981746067135
438	0.006468225969078751
439	0.0013247541596941653
440	0.00025455041009176456
441	0.000882109387416952
442	0.0006799573723884347
443	0.0023165126034879477
444	0.001082747943729229
445	0.0008846625850718329
446	0.0005881667716595154
447	0.0020067754842459937
448	0.001399049951395948
449	0.0016681965704256625
450	0.0007216659853655496
451	0.0008454733521113883
452	0.002725750099625367
453	0.0019987346010822697
454	0.0005019778185334572
455	0.003040524504147927
456	0.002172802825742686
457	0.0003979004301357148
458	4.8750261107925706e-05
459	3.268132078044509e-05
461	9.777132994615529e-05
468	3.254126818049342e-06
470	8.368608572763251e-05
471	1.863878733865269e-05
472	1.705586115546062e-05
473	0.00012717988211435714
474	0.0001035039723219847
475	6.904253210307176e-06
476	9.769151195646077e-05
477	0.0003305526723460379
478	3.954575666966378e-05
480	0.0003013355351796991
481	0.0004966255030788849
482	2.0906969330956877e-05
484	0.0011113762272305376
485	0.000961357250142986
486	3.6501263922954015e-06
487	4.560325919388563e-17
488	0.00020013439762683888
489	0.0013043722004065787
490	-1.593481940029349e-17
492	0.0008110726635509327
494	0.00012950866979704814
495	0.0017791731309429466
496	0.00011609952598550317
498	0.0007417917892639932
499	0.0017204542829553644
500	0.0001079094914217937
501	-3.149566425039109e-17
502	0.0019083843137523919
503	0.0007660921851240599
504	9.556550618979121e-18
505	0.0012840478090610338
506	0.0022356089558937756
507	0.005532303543943245
508	0.000993275274574891
509	0.0009817953597503488
510	0.020884646237032158
511	0.004702331496390448
512	0.00568922099434024
513	0.003646229026104762
514	0.02140142143281228
515	0.002583690704744801
516	0.17526776232365435
517	0.16605831463285894
518	0.014798704625569939
520	0.10586116608799578
521	0.028002949208446773
522	0.0025836907047448038
525	0.04635215806577223
526	0.06712754106682964
527	0.007583084367884808
529	0.0021262628754705254
530	0.025505391839266867
531	0.03380741044926502
532	0.2098475864074127
533	0.059061177113728235
534	0.009290500472738841
535	0.049955811584415984
536	0.0321866326185051
537	0.019406146447190395
538	0.005044568948032631
