300	0.0011800694082278228
301	0.009436959765065252
302	0.011203635406258933
303	0.005791326001025134
304	0.015191261696059652
305	0.02961868992451367
306	0.009965972243284466
307	0.009362032757677547
308	0.027629972894348
309	0.02575730517525759
310	0.006036594412521796
311	0.022581563286735117
312	0.03215221991043807
313	0.013853998039691428
314	0.01305127639627731
315	0.0348745531407417
316	0.013194032406004528
317	0.014704195374478288
318	0.03061247504667494
319	0.060507375473256755
320	0.022375510042194187
321	0.02409867310540644
322	0.05970099761651135
323	0.047149973011193044
324	0.023579213654321984
325	0.04792603452739749
326	0.06538402453897996
327	0.0236601174457791
328	0.02154796323764993
329	0.03899838799247662
330	0.0360987067626922
331	0.014929949580826675
332	0.01038518124831745
333	0.030747628147495345
334	0.0017854660918400437
335	0.0012906285710817006
337	0.004012305533728706
338	0.01046484136813973
339	0.035470942338393985
340	0.06544592485178129
341	0.07569740760933141
342	0.11352308054817088
343	0.05134653717540638
344	0.07904661084755694
345	0.11727351909433287
346	0.08328694765584407
347	0.10271874483234962
348	0.16488301090520663
349	0.1606212079780132
350	0.08773123254886778
351	0.08306108305332159
352	0.15946451421564745
353	0.13282025051961383
354	0.07875809246825148
355	0.05548655491768514
356	0.08072622468405914
357	0.07683533764023612
358	0.0477181135814921
359	0.08172030221268572
360	0.04732676700832502
361	0.03571682397021775
362	0.025439735805001064
363	0.039314406491926794
364	0.015106063059888306
365	0.014910239942175937
366	0.0498285174992027
367	0.006711674872501264
368	0.006687524013285424
369	0.02683130025031227
370	0.015248033224853314
371	0.021549230444587196
372	0.019417681441172605
373	0.031624716586482325
374	0.04254278350259315
375	0.043687758585967
376	0.03862542516951105
377	0.05320552966672258
378	0.08154996706793077
379	0.046866029008926946
380	0.044594772871124885
381	0.09460340425989824
382	0.12477271547914497
383	0.09294041910561322
384	0.12828006024646488
385	0.11444506626379493
386	0.20745789833480013
387	0.17013021402718864
388	0.13878809110314244
389	0.15565748309048819
390	0.17363491821716065
391	0.14336022573283774
392	0.10041696812669543
393	0.16927899805658894
394	0.09798132651187152
395	0.07890054734642046
396	0.05094220772158027
397	0.04089749596667591
398	0.048400883590419434
399	0.010114783248755416
401	0.005798354560655356
402	0.009984813621192684
403	0.06351883391753069
404	0.061914395802340476
405	0.046047356356943396
406	0.11664328503572069
407	0.04157675354612914
408	0.0131413918707545
409	0.00567901907409581
410	0.01011478324875538
411	0.020384705612460616
412	0.01878402739672938
413	0.04034588403212143
414	0.006669083738684015
415	0.010577653316224638
416	0.04573490046939398
417	0.0324756906972693
418	0.01580108135861568
419	0.05118198681475534
420	0.0725754895647055
421	0.070527748760658
422	0.05282181739272552
423	0.032070096619359896
424	0.10072735050033935
425	0.054421358656353745
426	0.03971138677803069
427	0.05117350216837808
428	0.09703378813153389
429	0.05679024805679739
430	0.059041510532881696
431	0.05074157681878701
432	0.06686696781525778
433	0.04936449343664515
434	0.10903658708637977
435	0.08111114559685058
436	0.03336300074136319
437	0.06120754454213122
438	0.09282747305808539
439	0.04628942726532066
440	0.021666817650617273
441	0.035588911129336494
442	0.036656346051633606
443	0.06676195307461857
444	0.03779798452182655
445	0.0375951480099091
446	0.0369333145388187
447	0.068176443071148
448	0.07454069752245308
449	0.04739210411883448
450	0.05672676257647938
451	0.08863958275766423
452	0.0782011001121698
453	0.05619968884938137
454	0.05200404909184742
455	0.07805513698404043
456	0.06545646429684744
457	0.04779880664805257
458	0.02109398630782589
459	0.00486406391570176
460	0.014755252732181732
461	0.02223505465887814
462	0.004763672524050069
463	0.004763672524050082
464	0.02276942960888236
465	0.005780814823992779
466	0.01241311408047122
467	0.009769821494931104
468	0.005773099736886367
469	0.013032114824289674
470	0.029161484074508814
471	0.010055540245616395
472	0.012366411355769909
473	0.024388241743651434
474	0.029669610129962554
475	0.015342374034740848
476	0.02097872550173503
477	0.035374799075187965
478	0.030718623598630847
479	0.017561485589429812
480	0.024537474981484442
481	0.06600199758453011
482	0.021135969887512773
483	0.013371557852500887
484	0.04189606952278615
485	0.02718444801837089
486	0.015866205964315542
487	0.009568391276313128
488	0.010168811977601501
489	0.02813889626714103
492	0.022424088791581167
493	0.006924947277955037
494	0.015279820635572022
495	0.04633429223587434
496	0.035103448923768855
497	0.021046303507166516
498	0.03241020900937782
499	0.07043730377397137
500	0.044063513477398945
501	0.02292387659530643
502	0.08145819992706328
503	0.07200077255283786
504	0.034071986816259676
505	0.0632423904089885
506	0.1352364179609408
507	0.07504567415514433
508	0.04032429048093727
509	0.09390953192201405
510	0.10393009218251129
511	0.05564762595001216
512	0.052662283760507314
513	0.049337563702134546
514	0.08869044837558729
515	0.039796216351251336
516	0.07211622475383005
517	0.05463769490904102
518	0.03512737566096702
519	0.029885839541129985
520	0.04542760719420577
521	0.03288515575736719
522	0.01475654314412378
523	0.013620663303352905
524	0.013344130390102559
525	0.02365910880714504
526	0.037644876204640416
530	0.04017732527244582
531	0.060512011440999734
532	0.065692567048237
533	0.030114258939033384
534	0.0195363653593042
535	0.05830807918019225
536	0.04573773621567488
