299	2.47E-06
300	2.52E-06
301	1.74E-05
302	3.18E-05
303	1.26E-05
304	0.000323164
305	8.47E-05
306	4.36E-06
307	8.27E-05
308	0.001079111
309	0.000186479
310	1.20E-05
311	0.000673715
312	0.001020787
313	0.0005946
314	3.77E-18
315	0.006124458
316	0.000788297
317	-2.51E-18
318	0.011052134
319	0.005436396
321	0.00818604
322	0.038179819
323	0.014550005
325	0.003256674
326	0.042442779
327	0.002622531
328	0.000472229
329	0.001995143
339	0.004141863
340	0.005324704
341	0.005290545
342	0.179825291
343	0.000600585
344	0.01746069
345	0.108263549
346	0.144925292
347	0.010502589
348	0.15251
349	0.131930236
350	0.020593393
351	0.009489306
352	0.180586727
353	0.096335483
354	0.015819334
355	0.029853868
356	0.025996605
357	0.014135865
358	0.006058746
359	0.004100585
360	0.00203325
361	0.003743509
363	0.001660988
364	0.000545614
365	0.000607354
366	0.007494302
367	0.000319965
369	0.002210991
370	1.07E-05
371	0.006742803
372	0.000648722
373	0.000497115
374	0.005007564
375	0.019364023
376	0.000430457
377	0.002248858
378	0.013721833
379	0.050188197
380	0.001549157
381	0.006213199
382	0.208087635
383	0.126858669
384	0.116671938
385	0.016363073
386	0.162919418
387	0.135272974
388	0.006708034
389	0.054916859
390	0.164462423
391	0.02409508
392	0.000523815
393	0.199445088
394	0.042131421
395	0.000958914
396	7.60E-05
397	0.042236597
399	0.002439104
401	1.34E-18
402	0.002439104
403	0.047388918
404	0.06888913
405	0.143111318
406	0.163615192
407	0.036703164
408	0.009989171
409	0.008207933
410	0.016820987
411	0.035308991
412	0.0018569
413	-9.87E-18
415	0.0018569
416	0.111674208
417	-4.22E-18
420	0.034302055
422	0.000125535
423	0.024762148
424	0.119911912
425	0.004973921
426	0.00086574
427	0.064255904
428	0.130825847
429	0.000125535
430	0.005719404
431	0.021068272
432	0.006871563
433	9.97E-05
434	0.014468983
435	0.009813859
436	0.000210778
437	0.000687304
438	0.006613036
439	0.001453608
441	0.001194744
442	3.65E-05
443	0.001442787
444	0.00015033
445	0.000336059
446	3.11E-05
447	0.000400574
448	0.001607298
449	0.00086531
450	8.76E-05
451	0.000972689
452	0.002073843
453	0.001607285
454	6.20E-05
455	0.021618736
456	0.00486678
457	0.001847325
458	0.006740727
459	2.71E-05
461	0.001693992
462	6.63E-05
463	6.24E-05
464	0.000713215
465	7.36E-05
466	-2.73E-18
467	0.000107348
469	2.00E-18
470	0.000371288
471	1.91E-06
472	4.68E-18
473	0.000410773
474	1.32E-05
475	-2.88E-18
476	4.69E-05
477	0.000378166
478	6.60E-06
479	9.78E-07
480	0.000117171
481	0.000141308
482	6.75E-06
483	2.21E-05
484	0.000112346
485	0.000123374
486	3.20E-06
487	3.65E-07
488	1.70E-05
489	5.93E-05
492	4.51E-05
494	9.97E-05
495	0.000251766
496	4.55E-05
497	0.000137631
498	0.000687304
499	0.000805285
500	3.61E-05
501	0.000949153
502	0.003445506
503	0.003134794
504	0.00640809
505	0.000499611
506	0.019988593
507	0.043243475
508	0.002030676
509	0.024573132
510	0.162132266
511	0.006270459
512	0.014004319
513	0.138447752
514	0.155102381
516	0.170769208
517	0.189595791
518	0.034257712
519	0.024762148
520	0.0680933
521	0.030056379
522	0.004967491
523	0.009873773
525	0.036721187
526	0.072407876
529	0.014589486
530	0.019362481
531	0.036958428
532	0.17162338
533	0.076452037
534	0.011278996
535	0.064183938
536	0.177067744
537	0.024162617