298	0.00020823577367888742
300	-9.856532074447493e-18
301	0.00018675228155645468
302	0.00015218987657603686
303	0.00016706226534171466
304	0.0009173912827760884
305	0.0004482927356018329
306	5.3993553963430096e-05
307	0.0010407493435996675
308	0.0037518073225614517
309	0.000921965606222236
310	0.0007680798132087339
311	0.003992403526391726
312	0.0012388319333738245
313	0.0006092571861045746
314	-2.208935071626661e-17
315	0.0014580189155453485
317	1.9667296610698176e-17
318	0.004330443247070502
319	0.0062249897100067775
321	-7.543805834783255e-18
322	0.018207679742059
323	0.010275973492843765
325	0.0019123734599094649
326	0.02206708630469839
327	0.0015681557871965142
328	0.0002918360494532581
329	0.0009087443601268054
330	0.00039268358655551543
333	0.0011355987640784212
334	2.7076395781206385e-05
337	0.00017742900775611045
338	5.9925129159078973e-05
339	0.0011432968195276482
340	0.004289874851325506
341	0.10415946640231254
342	0.12857378473456962
343	0.018429904472964873
344	0.00023439692253945105
345	0.1351653220180843
346	0.12076938489536568
347	0.004819315302928218
348	0.08078473463600089
349	0.1377563702400526
350	0.0035034891280033313
351	0.003916958192971173
352	0.06230797713047146
353	0.11760331778708856
354	0.005547395716169406
355	0.01016929682014558
356	0.052039177569090614
358	1.4130700258374446e-17
359	0.013118377270033788
360	0.0006777039480814351
361	-4.222394800068885e-18
362	0.0006092571861045627
363	0.0013897813380052458
364	0.001892384375766994
365	0.0010583547801239755
366	0.0030511472121677605
367	0.0008213435300065235
368	0.0001970684959390953
369	0.0006233053501408877
370	0.00014898932853548235
371	0.0011426547473274145
372	1.4865875907527926e-05
373	0.00019572954683209096
374	0.0007578467566454394
375	0.006729859497336066
376	9.74146497566236e-05
377	0.001137883954924859
378	0.010705720815763955
379	0.04295746487715408
380	0.000842566136617113
381	0.006448970915178726
382	0.20619377981615833
383	0.13264415471748134
384	0.1183173645382719
385	0.014402487435166188
386	0.1958835245579012
387	0.11511457483743015
388	0.004221075358681357
389	0.07250135829582308
390	0.1061421267293098
391	0.02293097307090569
392	0.0006866445047060836
393	0.08715892075221117
394	0.05674207318529879
395	0.0027021089707259353
396	0.00010478477338924932
397	0.009554257204887926
398	0.0017489415076768536
399	0.002037628075771865
401	0.011306414692388377
402	0.01335238007974896
403	0.10507523037074475
404	0.06115010623556647
405	0.15339949970464398
406	0.04820692329597369
407	0.04079175664531017
409	0.02497754988327991
410	0.011369385601982423
411	0.09956759475269121
412	0.0020403413081768996
413	0.0740898440235918
414	1.719387622931049e-17
415	0.013370159629779495
416	0.17042724664258524
417	-1.0642744755886915e-17
419	0.08557302406818547
420	0.06000139565082806
421	0.005494173924293535
423	0.030804866492245408
424	0.1867533155206811
425	0.03600279135024424
426	0.006136979287495208
427	0.08460744164756387
428	0.18157895593334372
429	0.0009365282610248928
430	0.017196990466638883
431	0.0034993607323170377
432	0.011306414692388378
433	6.588425752311876e-05
434	0.011497127162185152
435	0.013907375806602463
436	1.0054208469106658e-05
437	0.0004216789709960767
438	0.006246014372108005
439	0.011460644867147695
440	6.434994398993437e-05
441	0.0001735711141565467
442	0.0001264032850213498
443	0.001894607897179716
444	0.0004313925528865486
445	0.00048687767012857983
446	0.0005132476098139706
447	0.0009822601790896507
448	0.0015818522610805356
449	0.0010490228100329207
450	0.00027900461487564754
451	0.0010136992133236136
452	0.003076519733331694
453	0.0036156519420472186
454	0.0002017498646209635
455	0.022771584075825097
456	0.005085412349965944
457	0.00162930531591688
458	0.0034861384021783477
459	5.007243423814109e-05
460	0.003220638025833564
461	0.0008972321997056428
462	7.641259252373003e-06
463	1.486587590752419e-05
464	0.00041288749736340043
465	2.2736383850744827e-05
466	0.00013067816495783167
467	6.570454493211165e-05
469	0.00023301604991630702
470	0.0003116470163091746
471	1.7668042841528872e-05
473	0.0005758796700469984
474	0.0003028105257665161
476	0.00013999768004570364
477	0.0008530077397805279
478	0.00010316052900186141
480	0.00020840899389172322
481	0.0005269898324116707
482	1.6932333796243867e-05
484	0.0005489928340734617
485	0.0005209846528001431
486	2.5839437258066795e-06
487	2.0397778889375133e-17
488	0.00011555619760066031
489	0.00021933228744212702
490	-2.1969787791438604e-17
492	0.00015289095038405738
495	0.0006089762370632022
496	0.00010837200509167713
498	0.00037552756807263284
499	0.0019047121254639797
500	6.306859255158038e-05
501	5.867343809788506e-05
502	0.0022285513500742366
503	0.010051169323751113
504	8.95380778981497e-06
505	0.00040443603891004873
506	0.02198822813959555
507	0.021104530081591463
509	0.021945797495212294
510	0.1620763194847302
511	0.00322063802583357
512	0.02208151411494374
513	0.14861277521725647
514	0.1597464153162295
515	0.023148742946755414
516	0.17977980228578364
517	0.15260687165079773
518	0.1260773704595406
519	0.003532593310362148
520	0.05134589950198381
521	0.04028707338449332
522	0.019239924884813242
525	0.028111135781125104
526	0.03591315566393272
527	0.0009099191150258241
530	0.010678941570299713
531	0.028931101293709616
532	0.22557861000500395
533	0.06647458409915388
534	0.004415004958439586
535	0.0620169954754379
536	0.16058329767603588
537	0.03553219258580172
538	0.00655548568681226
