299	5.710720382007212e-05
300	5.710720382005408e-05
301	0.0003282012138777168
302	0.0005308930655696901
303	6.986971623317163e-05
304	0.000610734222763976
305	0.000902090529487895
306	7.785766912739712e-05
307	0.0002722040169078576
308	0.0012767091669951883
309	0.0005679673386882229
310	6.986971623314517e-05
311	0.0032365808708369644
312	0.003914317125290353
313	0.0028462164556662395
314	-8.686033684827984e-18
315	0.04143808516433465
317	1.0458853750839815e-17
318	0.01184483873671431
319	0.00975587199268281
321	-4.218893815535385e-18
322	0.07118992331030526
323	0.010033638385799116
325	0.016247058314583507
326	0.06700489107628423
327	0.0016694333003318851
328	-1.193487519357446e-17
329	0.025863777244239595
330	0.008625791101032081
331	0.0008695366598162737
332	1.3186387059896566e-18
333	0.019592904550390464
334	0.001452137425137641
335	0.00086953665981627
337	0.0035015507366255192
338	0.005226094631068887
339	0.02193840223300616
341	0.14145362074718554
342	0.09468816026287695
343	0.007645072668871797
344	0.005085381811431653
345	0.16797497895751135
346	0.19397448335892598
347	0.05260178061908579
348	0.19442292873491385
349	0.15005487431879647
350	0.11079997595143991
351	0.019182612883666225
352	0.17632397633060712
353	0.08629893594660092
354	0.027854477417658237
355	0.029337425409895614
356	0.06415338142166993
358	1.5281211049050864e-05
359	0.017106347811672713
360	0.001272225474261289
361	9.184322951559961e-05
362	8.930068596222287e-05
363	0.0014606420144307832
364	0.0008855286170814516
365	0.0010730329721650102
366	0.0018843984215937758
367	0.000536715537165127
369	0.0010590614460670804
370	0.0001274224971798355
371	0.0005902697295494919
372	2.0406669513845366e-05
373	0.0002775390493175877
374	0.0006984565065073101
375	0.002849186286532591
376	0.0001226482918004415
377	0.0014445869600296438
378	0.0010291985357774689
379	0.016533927378033404
380	0.00034152657413461575
381	0.004559511734926759
382	0.0965231266865406
383	0.00937495576453548
384	0.011842166044729046
385	0.01533149803935221
386	0.1768132291147044
387	0.13378270609489118
388	0.006939068490991358
389	0.0913386659015604
390	0.1578711113970596
391	0.03611768071377653
392	0.003903910398946533
393	0.1958270114032335
394	0.05723050610485024
395	0.009485440257295235
396	0.0006495468314602135
397	0.053224425306591036
401	0.0026997237349150544
402	0.02971139881371633
403	0.06510986043922609
404	0.08262467483698113
405	0.1256418308406582
406	0.07677604519131699
407	0.05863480241664308
408	0.013747394344725015
409	0.053253540475848425
410	0.018690885097716603
411	0.14365485215426796
412	0.019423131118486574
413	0.01622589635196053
414	2.5145204470191744e-17
415	0.11673702323064533
416	0.15999617357177712
417	6.288465445000607e-18
419	0.13414456960014942
420	0.0734068779431469
421	0.00911029033408623
422	0.009936036805079596
423	0.024472966214468435
424	0.14980177584241447
425	0.05475472352425812
426	0.004962906566347945
427	0.055161430121261394
428	0.07663780059865076
429	0.0008257464709933529
430	0.0101143917080687
431	0.02264943405776599
433	0.0016828693322203814
434	0.02252623571771433
435	0.02337228787334817
437	0.0057297436202762885
438	0.014744045107325715
439	0.014989208542106983
440	0.0009533356130904257
441	0.0007646466907512311
442	0.0007819396410536558
443	0.005739516122775869
444	0.0023294345815835843
445	0.0013881540958230953
446	0.0009926087745651003
447	0.003448208245075427
448	0.0038712146269933474
449	0.0011233561997171474
450	0.0007133934388895967
451	0.0023593851923093684
452	0.005296149075820225
453	0.0037332378207991118
454	0.0004631888457572795
455	0.006326223728562882
456	0.004301297007587186
457	0.001520797161920306
458	0.00018926903963637257
459	0.00013818716530926534
461	0.00041878913645659654
463	2.040666951383628e-05
464	0.0004189782022493372
465	6.737897710498769e-05
466	0.00022801911630372358
467	4.049728089615073e-06
469	0.000311380462325817
470	0.0003772302464479279
471	2.433970090565424e-05
473	0.0005843802254064904
474	0.00042896341147922714
475	4.049728089610558e-06
476	0.00010161618447174941
477	0.0006070350622655567
478	0.00045598538576841597
480	0.00034004121439953075
481	0.0015018069165412327
482	9.523515063280868e-05
483	1.1921935630378071e-17
484	0.00194864505467978
485	0.0015315680705835434
486	1.5845571238999508e-05
487	2.2655445188697416e-17
488	0.0003432260709311491
489	0.0016634904214235557
490	6.8739596745302594e-18
492	0.0009091643425473166
494	0.00010821457019652321
495	0.0030361280636600797
496	0.0005565373223312873
498	0.0006503918816108126
499	0.006168911862413142
500	0.0012918766168175235
501	-9.581096362200538e-18
502	0.008576966763777403
503	0.00628873330874384
504	-5.760546753324088e-18
505	0.0023804025832889226
506	0.03017848362842758
507	0.007613032518472064
509	0.04004040192397598
510	0.027056120004880467
511	0.006857609255996475
512	0.01906630857961462
513	0.12262308342095328
514	0.029289297332554625
515	0.004313315872643941
516	0.1470875734748066
517	0.18583396993895326
518	0.009951238208649193
519	2.3144343155380204e-17
520	0.0670178638980496
521	0.038641989389876216
522	0.0016557232587300489
523	2.0835424785940086e-17
525	0.026905237284672496
526	0.13411021063674325
527	0.04594846321644954
528	0.008752075851820763
530	0.15719995903075235
531	0.03742856426614597
532	0.17749087984129153
533	0.06867359467000633
535	0.030418600677008644
536	0.06327902495431148
537	0.019511281012106772
