299	7.062340544308941e-05
300	7.062340544307225e-05
301	0.0014553900478994758
302	0.0009968547111740352
303	0.00015560189456377405
304	0.0015671058963748024
305	0.0036061255384386088
306	0.0002601329792509203
307	0.000703502616266972
308	0.005998297320672444
309	0.0015407676795002503
310	0.00011359723575057873
311	0.0030931894806383413
312	0.004719001181012419
313	0.002541539215174891
314	1.8288789590445102e-17
315	0.012267827170656848
317	-1.5048691725575564e-17
318	0.0007015600993318432
319	0.000332203725582337
322	0.004344730416081444
323	0.00035048042883038203
325	0.0059448524538483665
326	0.0077134941832136235
327	5.659340417392942e-05
328	3.6106001425996355e-05
329	0.004958087497241159
330	0.002792422934390991
331	0.00021777268404795224
332	5.830172996043251e-06
333	0.004566557047190124
334	0.00033987168273771147
335	0.0002119425110519088
337	0.0007922596565237223
338	0.0013125505214803953
339	0.009439162646966651
340	0.004966534123074831
341	0.1298384754825781
342	0.09109754091422961
343	0.033865885730370186
344	0.0019750805167752764
345	0.12346071922415836
346	0.17455175592138578
347	0.008986000936545285
348	0.03176791427523949
349	0.13234366641150655
350	0.020125742022289804
351	0.0033597328203186887
352	0.05692390971994376
353	0.1277255660030302
354	0.01051709269250246
355	0.009191719608117798
356	0.05772623034819223
358	-2.034658706930963e-17
359	0.015739639044966166
360	0.0023103557267361175
361	2.65711174410545e-19
362	5.376490793872089e-18
363	0.0008958901885050817
364	0.002520455310164504
365	0.0019148291756738026
366	0.0040672347343438005
367	0.00014466278674315564
368	0.0004179886531276474
369	0.0021414713920468705
370	0.00017091667001253925
371	0.0001754924218265445
372	7.322367128961682e-05
373	0.0007663458851082969
374	0.001058479317062119
375	2.8337426974292636e-05
376	0.00045347093161684387
377	0.007408085962235528
378	0.0021656929399929596
379	0.0478197572019349
380	0.0018501296805779137
381	0.033589038810257384
382	0.18887801909740534
383	0.1293113225149582
384	0.13801814702910062
385	0.021242644271833647
386	0.19278812150059124
387	0.1356335917957717
388	0.005432362463797721
389	0.01820372742095552
390	0.17264637809189118
391	0.04131815408631012
392	0.005013681726001236
393	0.05581096258423081
394	0.06907749586551472
395	0.017476324932456194
396	0.0008095782045975799
397	0.020163144122157636
399	0.004010017313549264
400	0.0031344726946400336
401	0.014649873391301617
402	0.035302336480597545
403	0.05769196146273906
404	0.05679066281917182
405	0.05071980980352913
406	0.014843253522123732
407	0.002057322861217033
408	0.009170203725660466
409	5.659340417392792e-05
410	0.024833858436053027
411	0.10306592468519095
412	0.01822152694209814
413	0.09072601274723008
415	0.11284510394501866
416	0.16767548762501436
417	0.008843725456864059
419	0.12836264049310314
420	0.15381778224104722
421	0.008843725456864033
423	0.024513780921015364
424	0.17788185227268338
425	0.05476879745656018
426	0.003193049979376113
427	0.05688961911959514
428	0.18683369650606557
429	0.0005155938910297556
430	0.008228378342869375
431	0.04176988538808405
432	0.044818619004188646
433	0.0013286674602863166
434	0.018515068304391914
435	0.03052718730427557
437	0.0018293465235109038
438	0.011959428360241017
439	0.019411649647334567
440	0.0002953915216456918
441	0.00016978534260028523
442	0.00046920016211825103
443	0.00479091467918247
444	0.002190018987835778
445	0.0017151670326936929
446	0.002579555917276321
447	0.003075921295840845
448	0.004067503557190207
449	0.005247182593996319
450	0.0026526015450095137
451	0.002114668325773405
452	0.00823774227822009
453	0.0058140779436860295
454	0.0008108082674992183
455	0.03200173743478243
456	0.009344805085539695
457	0.002900784340426499
458	0.000647112681657648
459	0.0003775040502042146
460	0.00891512590826821
461	0.0018955320337990418
463	7.32236712895991e-05
464	0.0020272587985277115
465	0.00012374477672746553
466	0.00045458543143246123
467	0.00032734916735042394
468	2.913882539193607e-05
469	0.0006737559171075113
470	0.0021574103053871407
471	0.00018045544649684548
473	0.001158494878609265
474	0.0007109096589465743
476	0.00025304653293441913
477	0.0016851376984862475
478	0.0005105837675025159
480	0.0008353413012325883
481	0.0020619612484764414
482	9.939675031884659e-05
483	-6.735925038703072e-18
484	0.0025673512430611557
485	0.0008882154996983365
486	1.6049970274084695e-05
487	-4.144990277395783e-18
488	0.00043736760116206753
489	0.001558257683208646
492	0.0004966160453635734
494	8.959486614967939e-05
495	0.0013474780014846204
496	0.0005995096728429861
498	0.0005548570114749023
499	0.003438717740037257
500	0.0010407949084597675
501	7.220941661334519e-18
502	0.010478812925505801
503	0.0053355030238697075
504	1.381292226191985e-17
505	0.001692053667976055
506	0.027460206653271448
507	0.0533608475881368
509	0.03540581884906505
510	0.18352807708076707
511	6.188190813795631e-19
512	0.011030443926135418
513	0.12799675973417518
514	0.06503064781115742
515	-1.1481609362904102e-17
516	0.15181275229609664
517	0.19842058064010148
518	0.022177517902035423
519	0.0005937327105871296
520	0.09441590219157776
521	0.03239127482969975
522	0.003676960205073092
525	0.030757524391110583
526	0.11262507449470978
527	0.03517816449513592
528	0.0014510036540597378
529	0.0014510036540597924
530	0.057543465657129866
531	0.04164641129712584
532	0.21041398572614955
533	0.049061544798856896
535	0.09954596763862118
536	0.08454256088850208
537	0.01673358365864458
538	0.00772163757006417
