seq_pos	seq_id	sec_struct	1yok	1yuc	1zdu	3plz	3tx7	4dor	4dos	4oni	4pld	4ple	4rwv	5l11	5syz	5unj	6oqx	6oqy	6or1	6vc2
299	ALA	loop	0	0.000027	0.00000247	0	0	0	0	0	0	0.0000706	0	0	0	0	0	0	0	0
300	SER	loop	0.00000737	0.000027	0.00000252	0	0.0000349	0.0000293	0.008465875	0	0.001117178	0.0000706	-9.86E-18	0.001180069	0.001185012	0	0	0.000779202	0.003144566	0
301	ILE	loop	0.000225056	0.000346486	0.0000174	0.000579916	0.000288437	0.000268398	0.090250685	0.0000402	0.009628371	0.00145539	0.000186752	0.00943696	0.014250747	0.015273821	0.015781681	0.013208015	0.036925255	0.000215426
302	PRO	helix1	0.000121401	0.000242617	0.0000318	0.000729851	0.000385893	0.000387907	0.074415293	0.000125543	0.014801248	0.000996855	0.00015219	0.011203635	0.011094454	0.011550638	0.019181952	0.00773371	0.01428105	0.000182287
303	HIS	helix1	0	0.00000817	0.0000126	0.0000173	0.0000656	0.0000114	0.002791295	0.000000607	0.007325867	0.000155602	0.000167062	0.005791326	0.004985151	0.007819627	0.009761635	0.005507979	0.012362991	0.00000479
304	LEU	helix1	0.000525604	0.000990811	0.000323164	0.001128012	0.000542496	0.003587342	0.029837746	0.000500687	0.024860555	0.001567106	0.000917391	0.015191262	0.018916792	0.019107985	0.028061686	0.010941942	0.033460295	0.000498786
305	ILE	helix1	0.000498756	0.000481149	0.0000847	0.002239245	0.000797583	0.000549713	0.11649102	0.00026218	0.030026001	0.003606126	0.000448293	0.02961869	0.028209876	0.032889096	0.049496382	0.027625387	0.069839362	0.000652149
306	LEU	helix1	0.000265848	0.0000538	0.00000436	0.000101707	0.00026634	0.0000431	0.016115445	0.00000602	0.011353641	0.000260133	0.000054	0.009965972	0.009903602	0.008368898	0.016269785	0.006586997	0.022019562	0.0000325
307	GLU	helix1	0.00020032	0.000153883	0.0000827	0.000805326	0.000109508	0.0000709	6.34E-18	0.00000405	0.011661812	0.000703503	0.001040749	0.009362033	0.009426806	0.009736265	0.015668556	0.007174381	0.017941423	0.00041655
308	LEU	helix1	0.001890357	0.004206285	0.001079111	0.004899437	0.002268185	0.013267292	0.043723404	0.001654041	0.03633408	0.005998297	0.003751807	0.027629973	0.021447073	0.045921762	0.044755787	0.030687188	0.055092293	0.002296213
309	LEU	helix1	0.001613847	0.000530017	0.000186479	0.001384592	0.00117147	0.000257305	0.0259429	0.000228213	0.030201093	0.001540768	0.000921966	0.025757305	0.023051034	0.027652313	0.04116846	0.02157781	0.055585723	0.000712895
310	LYS	helix1	0.0000651	0.0000233	0.000012	0.000137143	0.0000191	0.000430447	6.60E-18	0.0000265	0.006547223	0.000113597	0.00076808	0.006036594	0.005811921	0.006227944	0.010365019	0.005128566	0.01428105	0.0000614
311	CYS	loop	0.001768142	0.003370938	0.000673715	0.005081643	0.001581471	0.014232215	0.016263081	0.001125763	0.023476201	0.003093189	0	0.022581563	0.021816065	0.024561224	0.031567881	0.020613056	0.035862094	0.007605201
312	GLU	loop	0.004708974	0.004181571	0.001020787	0.005857765	0.002504926	0.00202971	0.067002054	0.00052707	0.039974326	0.004719001	0.001238832	0.03215222	0.030651355	0.037311014	0.046149657	0.030438407	0.057040971	0.008657039
313	PRO	loop	0.001393927	0	0.0005946	0.006459518	0.001533265	0.001267272	0.0099136	0.001413343	0.009111561	0.002541539	0.000609257	0.013853998	0.014052899	0.014812516	0.015117256	0.012553348	0.015855449	0.006946089
314	ASP	helix2	0.000426588	-5.13E-18	3.77E-18	2.08E-17	8.36E-18	0.0000194	0.002287578	2.47E-18	0.010766421	1.83E-17	-2.21E-17	0.013051276	0.012060305	0.006907701	0.01007849	0.011315181	0.010614052	0.000161472
315	GLU	helix2	0.006807713	0.027430458	0.006124458	0.014104554	0.011775549	0.039132252	0.061616867	0.004651527	0.038903978	0.012267827	0.001458019	0.034874553	0.035460239	0.011380669	0.010225722	0.042229779	0.015633932	0.058587828
316	PRO	helix2	0	0.014865953	0.000788297	0.004789237	0	0	0	0.000957232	0.012653559	0	0	0.013194032	0.012227578	0.008647741	0.009372349	0.011571682	0.009999772	0
317	GLN	helix2	0.0000596	1.69E-17	-2.51E-18	2.82E-17	2.44E-17	0.000120781	0.000421514	1.91E-18	0.015181863	-1.50E-17	1.97E-17	0.014704195	0.013192956	0.015960035	0.010774385	0.010296927	0.011116254	0.0000243
318	VAL	helix2	0.00299565	0.005757574	0.011052134	0.015009072	0.0000498	0.007900194	0.012785741	0.009436359	0.029970117	0.00070156	0.004330443	0.030612475	0.027242062	0.019795276	0.023052424	0.020026184	0.023414145	0.001071029
319	GLN	helix2	0.003014599	0.097973733	0.005436396	0.028123074	0.005200201	0.007322802	0.030586291	0.006391076	0.042070738	0.000332204	0.00622499	0.060507375	0.058215728	0.020804784	0.045356746	0.060988713	0.047076107	0.085637613
320	ALA	helix2	0.000322462	0.001014715	0	0	0	0	7.30E-05	0.000979714	0.020789126	0	0	0.02237551	0.015269934	0.011242057	0.011931139	0.013836105	0.012666114	0.00000359
321	LYS	helix2	0.00000641	-5.35E-18	0.00818604	0.00255598	0.001298004	0.000733576	7.30E-05	0.001610841	0.039651256	0	-7.54E-18	0.024098673	0.026533341	0.038760664	0.016347742	0.018556929	0.01714137	0
322	ILE	helix2	0.021028155	0.037945165	0.038179819	0.076563906	0.019044049	0.047982642	0.022721621	0.061589653	0.051787036	0.00434473	0.01820768	0.059700998	0.054052017	0.073769972	0.046293614	0.053222557	0.045046166	0.045752574
323	MET	helix2	0.002263541	0.006687459	0.014550005	0.027307487	0.012609906	4.50E-19	0.062795375	0.006541181	0.036582871	0.00035048	0.010275973	0.047149973	0.025733301	0.016451735	0.023224785	0.023730527	0.020158948	0.013956749
324	ALA	helix2	0.0000459	0	0	-2.45E-17	0	0	0	2.62E-18	0.020536894	0	0	0.023579214	0.020374603	0.010993649	0.014580754	0.01884315	0.016331731	0
325	TYR	helix2	0.007874756	0.00000386	0.003256674	0.004779907	0.007743465	0.023631953	0.001211077	0.003773871	0.044561158	0.005944852	0.001912373	0.047926035	0.043649459	0.028615875	0.025561242	0.039010694	0.024143218	0.003109246
326	LEU	helix2	0.01290784	0.017831919	0.042442779	0.078697232	0.02704894	0.048505964	0.003935525	0.041606416	0.058164838	0.007713494	0.022067086	0.065384025	0.055804778	0.063656069	0.045097956	0.050003012	0.04678689	0.047535505
327	GLN	helix2	0.000355143	0.001014715	0.002622531	-3.83E-17	0.002201551	-1.37E-18	0.051161841	7.24E-19	0.019401394	0.0000566	0.001568156	0.023660117	0.018532304	0.012361461	0.015094935	0.016298297	0.014203707	0.002057422
328	GLN	helix2	0	0.0000254	0.000472229	0	6.04E-18	2.63E-18	0	-4.57E-18	0.016252532	0.0000361	0.000291836	0.021547963	0.016833028	0.006846778	0.012106565	0.014606149	0.010845803	-3.59E-18
329	GLU	helix2	0.003726142	0.003477356	0.001995143	0.014215793	0.006265346	0.009469809	0.000209766	0.002814537	0.028211856	0.004958087	0.000908744	0.038998388	0.03127562	0	0.013719317	0.027775214	0.023633975	0.002523314
330	GLN	helix2	0.000279983	0.004249491	0	0	0.000479919	0.001418512	1.77E-05	0.000974391	0.028019172	0.002792423	0.000392684	0.036098707	0.031039758	0	0.020086363	0.018431232	0.01199357	0.000398158
331	ALA	loop	0	0.000159859	0	0	1.75E-17	0.000246546	0	0.0000912	0.012368495	0.000217773	0	0.01492995	0.012243632	0	0.009202281	0.010025893	0.009343315	0
332	ASN	loop	0	0.00000386	0	0	0	3.78E-18	0	-3.91E-18	0.007883335	0.00000583	0	0.010385181	0.008147026	0	0.005208405	0.007271468	0.006331959	6.20E-19
333	ARG	loop	0.001179869	0.002003559	0	0	0	0.007423338	0	0.002907994	0.009734964	0.004566557	0.001135599	0.030747628	0.027542592	0	0.01734004	0.018987712	0.007079159	0.002642255
334	SER	loop	0	0.000206893	0	0	0	0.000246546	0	0.0000912	0.000800076	0.000339872	0.0000271	0.001785466	0.001532399	0	-2.30E-17	0.000296116	0	0.0000587
335	LYS	loop	0	0.000156001	0	0	0	0.000246546	0	0	0.000787885	0.000211943	0	0.001290629	0.001097854	0	4.12E-18	0	0	0
336	HIS	loop	0	0	0	0	0	0	0	0	0	0	0	0	0	0	0	0	0	0
337	GLU	loop	0	0.000335401	0	0	0	0.00119078	0	0.000435549	0.0000988	0.00079226	0.000177429	0.004012306	0.003554492	0	1.08E-17	0.002389614	0	0.000398158
338	LYS	loop	0.0000391	0.00102812	0	0	0.00109386	0.001536969	0	0.000608804	0.006382947	0.001312551	0.0000599	0.010464841	0.008980211	0	-3.97E-18	0	0	0.0000587
339	LEU	loop	0.00161099	0.004114042	0.004141863	0	0.002748851	0.006100007	0.000102347	0.002472566	0.027874728	0.009439163	0.001143297	0.035470942	0.033299974	0.015887629	0.014456407	0	0.007955013	0.003238718
340	SER	helix3	0	0	0.005324704	0	0.008092576	0.087023024	0	0.081485838	0.028776078	0.004966534	0.004289875	0.065445925	0.030213658	0.030949159	0.023575442	0.013616481	0.026455173	0.00307066
341	THR	helix3	0.000128516	0.108202954	0.005290545	0.023619807	0.122922662	0.02390466	-1.36E-18	0.016600602	0.037211056	0.129838475	0.104159466	0.075697408	0.071410483	0.041523239	0.056334652	0.083274803	0.059584069	-2.54E-18
342	PHE	helix3	0.031014779	0.160180901	0.179825291	0.099020834	0.151539297	0.17344587	0.003811004	0.138853987	0.108226301	0.091097541	0.128573785	0.113523081	0.10188659	0.0750122	0.082206633	0.111338601	0.084995792	0.108479358
343	GLY	helix3	0.005631354	0.034999128	0.000600585	0.029734897	0.000479919	0	0	0.017582635	0.049257274	0.033865886	0.018429904	0.051346537	0.047405551	0.056137494	0.041521325	0.046434698	0.04032236	0.000477433
344	LEU	helix3	0.000902482	0.020860455	0.01746069	0.037670441	0.002606182	0.001206048	0.013200045	0.000516273	0.060873549	0.001975081	0.000234397	0.079046611	0.066089347	0.072009681	0.054718118	0.063448274	0.054083229	0.007484838
345	MET	helix3	0.105819156	0.137848458	0.108263549	0.168512025	0.167035197	0.149021978	0.065529035	0.108292502	0.122994725	0.123460719	0.135165322	0.117273519	0.108005209	0.112266386	0.088985461	0.129181881	0.094410327	0.105919832
346	CYS	helix3	0.029141349	0.186546162	0.144925292	0.144872605	0.031255246	0.148899956	0.000681511	0.117392597	0.109066847	0.174551756	0.120769385	0.083286948	0.082525204	0.134790968	0.077630763	0.109330109	0.079150394	0.022736542
347	LYS	helix3	0.004724042	0.020913878	0.010502589	0.013401796	0.012178678	0.027979626	0.000573172	0.01210973	0.087673391	0.008986001	0.004819315	0.102718745	0.10030951	0.090742437	0.075866639	0.090025797	0.081037672	0.011365676
348	MET	helix3	0.050447982	0.080649318	0.15251	0.197586327	0.106699836	0.180774119	0.076210015	0.162377342	0.145660182	0.031767914	0.080784735	0.164883011	0.141419056	0.187282302	0.11974971	0.161748702	0.123376615	0.210992094
349	ALA	helix3	0.132241762	0.112426813	0.131930236	0.129510362	0.125544963	0.113331206	0.052397094	0.004648785	0.137944314	0.132343666	0.13775637	0.160621208	0.132904468	0.159572764	0.119833989	0.14492109	0.117412224	0.068402257
350	ASP	helix3	0.043912946	0.03201239	0.020593393	0.024749066	0.019899496	0.047897621	0.001896488	0.002700647	0.109367937	0.020125742	0.003503489	0.087731233	0.125845497	0.115520148	0.113800026	0.100795484	0.121115433	0.012947495
351	GLN	helix3	0.004035611	0.006970224	0.009489306	0.013852497	0.006864472	0.013992216	0.004312686	0.010272442	0.088621903	0.003359733	0.003916958	0.083061083	0.081730156	0.103686651	0.080341975	0.086018044	0.064298965	0.007202923
352	THR	helix3	0.149199895	0.196940523	0.180586727	0.160729253	0.104722931	0.164005569	0.023110321	0.031038175	0.135114724	0.05692391	0.062307977	0.159464514	0.156563924	0.175358744	0.146093313	0.162952619	0.136571696	0.191622309
353	LEU	helix3	0.073121209	0.080092018	0.096335483	0.111211874	0.103261817	0.125773614	0.004663705	0.031179837	0.153731448	0.127725566	0.117603318	0.132820251	0.136356395	0.168450617	0.144393432	0.143728257	0.138985161	0.066822642
354	PHE	helix3	0.012213677	0.007991944	0.015819334	0.009871741	0.01123238	0.015613074	0.000966446	0.001610841	0.071286481	0.010517093	0.005547396	0.078758092	0.081635122	0.098675764	0.088349964	0.080605481	0.086040197	0.004538657
355	SER	helix3	0.020832251	0.029882586	0.029853868	0.00255598	0.000285078	0.027022384	0	0	0.065107335	0.00919172	0.010169297	0.055486555	0.054942219	0.06601612	0.059828104	0.053322441	0.055570543	0.000157885
356	ILE	helix3	0.02287568	0.077780247	0.025996605	0.073095522	0.035516687	0.169075652	0.016734805	0.029337124	0.103164818	0.05772623	0.052039178	0.080726225	0.110002835	0.130329787	0.137941821	0.106887004	0.098832347	0.155456951
357	VAL	helix3	0.012879787	0.002127247	0.014135865	0	0.00376476	0.005685306	0.001161849	0.000749521	0.055220688	0	0	0.076835338	0.080237783	0.093114121	0.099203163	0.074055672	0.077427163	0.00235551
358	GLU	helix3	0.000817752	0.0000572	0.006058746	0.0000386	0.000285078	0.004452342	0.000167394	0.000482532	0.051539018	-2.03E-17	1.41E-17	0.047718114	0.044545695	0.054607799	0.052303907	0.049579194	0.056787365	0.000102945
359	TRP	helix3	0.009983258	0.020138199	0.004100585	0.022922129	0.008782144	0.061326953	0.044450093	0.006818234	0.073816093	0.015739639	0.013118377	0.081720302	0.087707685	0.10148926	0.095719146	0.081277465	0.098491017	0.046048529
360	ALA	helix3	0.000879517	0.002134807	0.00203325	0.005021167	0.000657286	0.005089221	0.004262509	0.000367453	0.039028587	0.002310356	0.000677704	0.047326767	0.05162623	0.066635338	0.072540003	0.050476822	0.047692842	0.002386229
361	ARG	helix3	0.002784313	0.000331462	0.003743509	0.000113318	0.0000498	0.000260497	0.002445385	0.00011226	0.025912237	2.66E-19	-4.22E-18	0.035716824	0.037777474	0.050042102	0.057137329	0.037224509	0.044811509	0.000824427
362	SER	helix3	0.0000725	0.0000458	0	0.000113318	0.000276107	0.002612539	0	0.000172575	0.022289549	5.38E-18	0.000609257	0.025439736	0.027129829	0.030436234	0.031466975	0.025392332	0.030266567	0.0000617
363	SER	loop	0.001836127	0.001566408	0.001660988	0.003454162	0.0000695	0.006990143	0.002903987	0.000525483	0.039558164	0.00089589	0.001389781	0.039314406	0.035480736	0.033506554	0.051440943	0.039234326	0.054486873	0.00277788
364	ILE	loop	0.000843991	0.000511486	0.000545614	0.00346383	0	0.000260497	0.002816866	0	0.017465518	0.002520455	0.001892384	0.015106063	0.014484903	0.010452891	0.024164786	0.007970929	0.027695771	0.002764309
365	PHE	helix4	0.000713703	0.002019411	0.000607354	0.005035867	0	0.005612343	0.009898303	0.000866875	0.037072163	0.001914829	0.001058355	0.01491024	0.021813394	0.028733622	0.039644207	0.01191151	0.025805858	0.000679665
366	PHE	helix4	0.002382929	0.003716529	0.007494302	0.00936517	0	0.009926301	0.009040213	0.00064856	0.053133878	0.004067235	0.003051147	0.049828517	0.056277097	0.051987569	0.09487213	0.051539265	0.065603624	0.00549892
367	ARG	helix4	0.000519365	0.000244628	0.000319965	0.000626824	0	0.001623942	0.000502988	0	0.007038773	0.000144663	0.000821344	0.006711675	0.009425117	0.00536878	0.009623104	0.005849582	0.010688987	0.000418595
368	GLU	helix4	0	0.000306413	0	0.0004841	0	0.000404061	0.001836538	0.0001811	0.009458939	0.000417989	0.000197068	0.006687524	0.007004353	0.009279114	0.011593326	0.006337891	0.010443178	0.000100192
369	LEU	helix4	0.001472973	0.00205626	0.002210991	0.006313685	0	0.004648898	0.002111016	0.000469455	0.04093414	0.002141471	0.000623305	0.0268313	0.026661693	0.031422575	0.051676921	0.02873583	0.035790871	0.001190645
370	LYS	helix5	0.000262662	0.000022	0.0000107	0.0000537	0	0.000447593	0.000720136	0.0000311	0.01124958	0.000170917	0.000148989	0.015248033	0.015117136	0.013027885	0.02810448	0.016582889	0.019663516	0.000307552
371	VAL	helix5	0.001615009	0.000804716	0.006742803	0.001960399	0	0.000396768	0.000678325	0	0.010940155	0.000175492	0.001142655	0.02154923	0.02244821	0.025560128	0.050258534	0.01913758	0.032968709	0.001621494
372	ASP	helix5	0.0000243	0.001022253	0.000648722	0.000200496	0	0.00020885	9.90E-05	0.0000391	0.013903054	0.0000732	0.0000149	0.019417681	0.018030832	0.015698851	0.035174495	0.018671474	0.021705668	0.000177871
373	ASP	helix5	0.000239715	0.000932348	0.000497115	0.001796368	0	0.001527634	0.000673546	0.000207216	0.033171089	0.000766346	0.00019573	0.031624717	0.028092197	0.027373717	0.054851652	0.034479602	0.03538288	0.00045387
374	GLN	helix5	0.00181103	0.000875929	0.005007564	0.003003888	0	0.002473456	0.003916287	0.000172114	0.036728909	0.001058479	0.000757847	0.042542784	0.044298371	0.043378205	0.078079522	0.044789468	0.054374679	0.001974071
375	MET	helix5	0.008949523	0.005303461	0.019364023	0.008507852	0.001688955	0	6.03E-05	0	0.021236971	0.0000283	0.006729859	0.043687759	0.045981959	0.035920096	0.077318301	0.048224807	0.050567398	0.004252793
376	LYS	helix5	0.000173709	0.001433674	0.000430457	0.001177342	0	0.001301971	0.000571493	0.000261208	0.030664328	0.000453471	0.0000974	0.038625425	0.033366074	0.028744349	0.061290899	0.037403136	0.02844079	0.000456948
377	LEU	helix5	0.004189073	0.00653512	0.002248858	0.006648845	0.000413487	0.011811234	0.00287588	0.001198307	0.060732439	0.007408086	0.001137884	0.05320553	0.045004598	0.035514184	0.089270525	0.065048071	0.0528156	0.005118702
378	LEU	helix5	0.002080017	0.00189713	0.013721833	0.016665666	0.009673893	0.016027652	0.004739595	0.000367453	0.079541963	0.002165693	0.010705721	0.081549967	0.085350997	0.094169455	0.126638032	0.087224957	0.092194669	0.007910449
379	GLN	helix5	0.032789669	0.033125372	0.050188197	0.047998906	0.028893972	0.043688919	0.000348238	0.027372322	0.041022195	0.047819757	0.042957465	0.046866029	0.051516372	0.045796965	0.076458017	0.043890723	0.05736237	0.00955542
380	ASN	helix5	0.001293649	0.010309232	0.001549157	0.000585456	0.0000978	0.000505124	0.001101565	0.007046913	0.015391537	0.00185013	0.000842566	0.044594773	0.038873491	0.013795451	0.058710792	0.043621956	0.033234882	0.000430117
381	CYS	helix5	0.020768924	0.03002032	0.006213199	0.006789356	0.003249616	0.031719951	0.009108765	0.002649865	0.089855425	0.033589039	0.006448971	0.094603404	0.092454711	0.097246965	0.11538165	0.08948953	0.097769844	0.020684465
382	TRP	helix5	0.19391806	0.16915359	0.208087635	0.215821797	0.110496732	0.186220403	0.001950223	0.142512853	0.132228465	0.188878019	0.20619378	0.124772715	0.127845942	0.181693176	0.139326768	0.138897235	0.131026243	0.046912323
383	SER	helix5	0.110429039	0.130120039	0.126858669	0.010078025	0.007382681	0.102084496	0.005081777	0.160286294	0.079998608	0.129311323	0.132644155	0.092940419	0.084503802	0.075387031	0.088542451	0.092013728	0.094556885	0.001525348
384	GLU	helix5	0.103785375	0.127664694	0.116671938	0.005097719	0.00610061	0.012489682	0.012501707	0.04067791	0.099194977	0.138018147	0.118317365	0.12828006	0.103359635	0.087474071	0.107783645	0.095657112	0.113388454	0.003449849
385	LEU	helix5	0.013032853	0.024082903	0.016363073	0.018412537	0.007299011	0.133916899	0.011579406	0.006968466	0.120842744	0.021242644	0.014402487	0.114445066	0.143149429	0.165823381	0.135785076	0.0970868	0.110430972	0.104011726
386	LEU	helix5	0.140818757	0.191355354	0.162919418	0.227163286	0.187349141	0.190499737	0.017478012	0.11986816	0.198708253	0.192788122	0.195883525	0.207457898	0.204888682	0.235651173	0.194058957	0.203797664	0.182892703	0.182039884
387	ILE	helix5	0.105414953	0.146922179	0.135272974	0.102908481	0.096959968	0.146955923	0.031668665	0.220195981	0.134804023	0.135633592	0.115114575	0.170130214	0.138648706	0.130082274	0.119371541	0.124964309	0.121139258	0.044422458
388	LEU	helix5	0.014575183	0.007739403	0.006708034	0.002436299	0.001258068	0.008095355	0.045633556	0.009255589	0.122001065	0.005432362	0.004221075	0.138788091	0.135844943	0.126262718	0.146723405	0.113262246	0.155580068	0.003516339
389	ASP	helix5	0.047036275	0.182756589	0.054916859	0.110226204	0.061015974	0.149056906	0.017587863	0.053376077	0.101324211	0.018203727	0.072501358	0.155657483	0.167839101	0.160824295	0.118100949	0.117811278	0.114900208	0.188320823
390	HIS	helix5	0.183622827	0.18615856	0.164462423	0.228014848	0.247157048	0.223189791	0.073326772	0.284808678	0.191434679	0.172646378	0.106142127	0.173634918	0.197850811	0.178142761	0.155142555	0.18229649	0.14547063	0.266396772
391	ILE	helix5	0.042475816	0.029381818	0.02409508	0.029040148	0.025235564	0.034658601	0.026983387	0.058626676	0.158486329	0.041318154	0.022930973	0.143360226	0.146573357	0.129375568	0.138410556	0.130295646	0.134576908	0.017079986
392	TYR	helix5	0.001672935	0.007435105	0.000523815	0.003893936	0.000828399	0.003871381	0.155995499	0.001299967	0.091587484	0.005013682	0.000686645	0.100416968	0.104765026	0.09733324	0.101967896	0.089584459	0.090308536	0.002273842
393	ARG	helix5	0.179162576	0.261757124	0.199445088	0.25937126	0.24476061	0.222714497	0.054726184	0.205465525	0.152065669	0.055810963	0.087158921	0.169278998	0.189329544	0.163771864	0.143412221	0.190201098	0.142290304	0.311799358
394	GLN	helix5	0.196552299	0.05759794	0.042131421	0.110247272	0.093692579	0.082446485	0.04209263	0.223185833	0.158465432	0.069077496	0.056742073	0.097981327	0.171440811	0.093647245	0.087177885	0.103642303	0.078432566	0.176895547
395	VAL	helix5	0.023187164	0.009160619	0.000958914	0.013265435	0.007587845	0.012464999	0.014070433	0.009415417	0.094596353	0.017476325	0.002702109	0.078900547	0.096514575	0.078734639	0.088665443	0.085911249	0.066856589	0.00965212
396	VAL	helix5	0.000233586	0.001128159	0.000076	0.00066312	0.000144629	0.000621009	0	0.000194704	0.049638476	0.000809578	0.000104785	0.050942208	0.053872775	0.047689519	0.048848911	0.050816454	0.047756273	0.000335197
397	HIS	helix5	0.045742018	0.075370992	0.042236597	0.082823926	0.067447263	0.021236492	0.025058898	0.031056485	0.070279732	0.020163144	0.009554257	0.040897496	0.07101636	0.041342534	0.047810158	0.055735916	0.037045658	0.082579746
398	GLY	loop	0.083148859	0.002111569	0	0	0	0	0	0.006938216	0.059990627	0	0.001748942	0.048400884	0.066079465	0.054742553	0.054139782	0.055561813	0.043896005	0
399	LYS	loop	0.083148859	0.006152532	0.002439104	0	0.02934675	0.002697248	0	0.008025558	0.004952859	0.004010017	0.002037628	0.010114783	0.017115553	0.001785741	0.00037726	0.016265576	0.016306587	0.000213972
400	GLU	loop	0	0	0	0	0	0	0	0	0	0.003134473	0	0	0	0	0	0	0	0
401	GLY	loop	0.002708692	0.002492225	1.34E-18	0.007657769	0.02217676	0.007929546	0.006454148	0.008299043	0.004556329	0.014649873	0.011306415	0.005798355	0.004761542	0.00532763	0.003787101	0.005934537	0.003382929	0.007430541
402	SER	sheet1	0.108409155	0.006533188	0.002439104	0	0.06027808	0.00886938	0.007530073	0.019153098	0.011090064	0.035302336	0.01335238	0.009984814	0.007522603	0.005649743	0.002964015	0.008693213	0.00306769	0.009632463
403	ILE	sheet1	0.15423294	0.053261523	0.047388918	0.170477794	0.124037204	0.06079554	0.066073841	0.215403146	0.09083984	0.057691961	0.10507523	0.063518834	0.103087377	0.051767658	0.044550143	0.057491916	0.042062646	0.179674483
404	PHE	sheet1	0.189643433	0.109569543	0.06888913	0.212877947	0.129784123	0.093256329	0.028333652	0.202700864	0.128339298	0.056790663	0.061150106	0.061914396	0.115363453	0.066025935	0.043071513	0.127765189	0.036594044	0.248389428
405	LEU	loop	0.111915937	0.165234682	0.143111318	0.174100017	0.217870297	0.181823546	0.074047244	0.14107514	0.088579392	0.05071981	0.1533995	0.046047356	0.081275969	0.083138533	0.037619152	0.130904882	0.064889265	0.200594695
406	VAL	loop	0.118144651	0.156699654	0.163615192	0.18168183	0.064686001	0.159443664	0.031912218	0.145804675	0.08031334	0.014843254	0.048206923	0.116643285	0.10990157	0.109666745	0.088604704	0.117276768	0.087308722	0.210544974
407	THR	loop	0.012519203	0.015957674	0.036703164	0.160353413	0.029785391	0.04565045	0.014812072	0.041713563	0.041260406	0.002057323	0.040791757	0.041576754	0.033865073	0.042197619	0.029830134	0.029579455	0.027990988	0.092619717
408	GLY	loop	0.026479238	0.016625432	0.009989171	0.036252187	0.022658877	0.014959276	0.004907563	0.030359796	0.026775568	0.009170204	0	0.013141392	0.017053215	0.010153733	0.01056118	0.023779076	0.014562642	0.036616113
409	GLN	loop	0	0.026086445	0.008207933	0.029648474	0.040239303	0	0.063987281	0.000979714	0.068462089	0.0000566	0.02497755	0.005679019	0.009936194	0.010153733	0.004788169	0.036265055	0.008439744	0.036616113
410	GLN	sheet2	0.131151677	0.026631875	0.016820987	0	0.038306385	0.016814682	0.006211819	0.034430516	0.029034863	0.024833858	0.011369386	0.010114783	0.017115553	0.008971865	0.005859406	0.018925254	0.007279452	0.001451504
411	VAL	sheet2	0.049761731	0.028233908	0.035308991	0.031468262	0.179928011	0.038477152	1.16E-18	0.030012343	0.023515699	0.103065925	0.099567595	0.020384706	0.027302202	0.010695072	0.017050673	0.034962102	0.017296295	0.063891371
412	ASP	sheet2	0.001375146	0	0.0018569	0.001819788	0	-5.25E-18	-4.49E-18	0	0.005354466	0.018221527	0.002040341	0.018784027	0.007260507	0.015117833	0.009336714	0.015446684	0.006934023	-4.00E-18
413	TYR	helix6	0.018024415	0.016424956	-9.87E-18	0.044967496	0.127022682	0.049432899	0.037262805	0.055409565	0.032341254	0.090726013	0.074089844	0.040345884	0.037356127	0.035502357	0.026087284	0.042124465	0.02133663	0.05040589
414	SER	helix6	0	0	0	0	-3.40E-18	-8.99E-18	2.32E-05	0	0.004571233	0	1.72E-17	0.006669084	0.001592285	0.008120158	0.003666792	0.005766365	0.004673135	0
415	ILE	helix6	0.00714006	0.013064878	0.0018569	0.010686051	0.036265718	-1.53E-17	-1.19E-17	0.000380946	0.0063783	0.112845104	0.01337016	0.010577653	0.00773203	0.010868601	0.006923196	0.010891656	0.010016619	2.95E-18
416	ILE	helix6	0.128926724	0.020840263	0.111674208	0.084500204	0.206925367	0.049174164	0.069533873	0.040152811	0.020905832	0.167675488	0.170427247	0.0457349	0.031440297	0.03580334	0.048828516	0.085048939	0.026031246	0.043512499
417	ALA	helix6	0.002516685	0	-4.22E-18	0.010203837	0	4.29E-18	0.000133777	0	0.016094358	0.008843725	-1.06E-17	0.032475691	0.020217089	0.025344864	0.017603937	0.028711841	0.017264607	0.009307199
418	SER	helix6	0	0	0	0	2.38E-17	0	0	0	0.007857267	0	0	0.015801081	0.00826301	0.014890888	0.007417802	0.011887329	0.032546629	0
419	GLN	loop	0.0000179	0.086103793	0	0.005842138	0.027792536	-2.29E-18	0	0.002543434	0.008525281	0.12836264	0.085573024	0.051181987	0.047722854	0.020924282	0.037638879	0.060560023	0.037532469	4.23E-19
420	ALA	loop	0.020197767	0.008006392	0.034302055	0.027043964	0.07557086	0.035386885	0	0.01432318	0.029935936	0.153817782	0.060001396	0.07257549	0.061806458	0.038058849	0.04803864	0.085671717	0.05301161	0.024769102
421	GLY	helix7	0.002931986	0.000679794	0	0.002546069	0.008881577	0.002233347	0	0.001250101	0.020363809	0.008843725	0.005494174	0.070527749	0.020909239	0.067435126	0.021602089	0.037146483	0.021271748	0.001876658
422	ALA	helix7	0.003397993	0	0.000125535	0.003032271	0.00000575	0	0	4.57E-18	0.018905694	0	0	0.052821817	0.013132862	0.054258441	0.012123336	0.015553232	0.01255545	0
423	THR	helix7	0.00336631	0.000129311	0.024762148	0.009939332	0.030599819	0.027854906	0	0.020502739	0.042736977	0.024513781	0.030804866	0.032070097	0.029935999	0.062611061	0.020552278	0.030434624	0.022574118	0.00626554
424	LEU	helix7	0.123656956	0.027445518	0.119911912	0.14385509	0.175053402	0.157505444	0	0.047131186	0.045741859	0.177881852	0.186753316	0.100727351	0.047289904	0.084639441	0.042229322	0.099911006	0.033948099	0.112790431
425	ASN	helix7	0.020998789	0.004480168	0.004973921	0.014950874	0.050871353	0.013922715	0.000749185	0.008346451	0.037819597	0.054768797	0.036002791	0.054421359	0.038039192	0.043288832	0.02957713	0.04554456	0.03018551	0.012730515
426	ASN	helix7	0.003337528	0.000852218	0.00086574	0.00285505	0.0000329	0.001372474	0.00121269	-2.44E-18	0.036555769	0.00319305	0.006136979	0.039711387	0.02578367	0.038815136	0.024064173	0.0286629	0.023572479	0.000171831
427	LEU	helix7	0.121945598	0.027051198	0.064255904	0.006619883	0.031593095	0.061020863	0.016395995	0.11343661	0.078786588	0.056889619	0.084607442	0.051173502	0.043601177	0.052788142	0.041607967	0.051304801	0.04277502	0.0000209
428	MET	helix7	0.123864891	0.0433653	0.130825847	0.133587473	0.242580355	0.169332755	0.070185814	0.163464878	0.07284506	0.186833697	0.181578956	0.097033788	0.05481761	0.053655739	0.04024557	0.100925827	0.042759357	0.125360618
429	SER	helix7	0.012315892	0.000684392	0.000125535	0.008143971	0.00000575	0.008364947	0.004191618	-8.29E-19	0.040535604	0.000515594	0.000936528	0.056790248	0.044939121	0.03867682	0.042526591	0.045675189	0.036738365	0.007430541
430	HIS	helix7	0.008189379	0.004802821	0.005719404	0.005589013	0.000177161	0.008556021	0.007001426	0.016099248	0.075368697	0.008228378	0.01719699	0.059041511	0.057974052	0.041515753	0.050238128	0.053853517	0.048481198	0.001165636
431	ALA	helix7	0.10447947	0.00911275	0.021068272	0.022749365	0.006227277	0.033817685	0.016270819	0.010446495	0.098240896	0.041769885	0.003499361	0.050741577	0.044013704	0.053320232	0.042022285	0.048642282	0.039616936	0
432	GLN	helix7	0.084868483	0.002596071	0.006871563	0.052621228	0.071554933	0.073363951	0.023450981	0.1270934	0.046826392	0.044818619	0.011306415	0.066866968	0.07468536	0.054963776	0.064558192	0.049937758	0.060863983	0.071877177
433	GLU	helix7	0.001286211	0.001062183	0.0000997	0.000188828	0	0.002714298	0.00121269	0	0.044161099	0.001328667	0.0000659	0.049364493	0.042548518	0.03114406	0.042341892	0.045825869	0.041188653	0.000233636
434	LEU	helix7	0.018154552	0.011225668	0.014468983	0.009391503	0.005446306	0.01715042	0.027090423	0.031054399	0.117289062	0.018515068	0.011497127	0.109036587	0.101889751	0.06383366	0.105260179	0.098709871	0.092705458	0.005300881
435	VAL	helix7	0.152769134	0.016692076	0.009813859	0.036016921	0.035668214	0.041487151	0.023753209	0.06974729	0.10107831	0.030527187	0.013907376	0.081111146	0.096843161	0.07093892	0.083703817	0.080269125	0.069224457	0.041515477
436	ALA	helix7	0	0	0.000210778	0.001108826	0	0	0.002471669	0	0.039409702	0	0.0000101	0.033363001	0.037087442	0.027177651	0.035274293	0.032663435	0.033559405	0
437	LYS	helix7	0.00102242	0.001513083	0.000687304	0	0.001457998	0.001713011	0.013226249	0.000515502	0.046702493	0.001829347	0.000421679	0.061207545	0.059093781	0.02588759	0.064162655	0.050027417	0.055364944	0.000419259
438	LEU	helix7	0.013296573	0.009639683	0.006613036	0.008945498	0.006468226	0.010468695	0.043211862	0.016539335	0.082903691	0.011959428	0.006246014	0.092827473	0.094125894	0.068093284	0.100219813	0.086662545	0.099777109	0.004606915
439	ARG	helix7	0.131923369	0.01391625	0.001453608	0.006322353	0.001324754	0.021879746	0.0142701	0.046323842	0.080878596	0.01941165	0.011460645	0.046289427	0.083231142	0.046051065	0.063032332	0.06862089	0.049916489	0.006119968
440	SER	helix7	0.000142757	0.000229586	0	0	0.00025455	0.000274785	0.0211011	0	0.023106041	0.000295392	0.0000643	0.021666818	0.023597722	0.015144664	0.023310173	0.020193679	0.020569435	0
441	LEU	helix7	0.002321254	0.001321972	0.001194744	0.000406244	0.000882109	0.000683432	0.067946855	0.000242638	0.02605941	0.000169785	0.000173571	0.035588911	0.035291005	0.021906175	0.041874252	0.030368569	0.045867145	0.00019502
442	GLN	helix7	0.0000917	0.000362289	0.0000365	0.000446166	0.000679957	0.000510063	0.108679901	0.000296963	0.025118241	0.0004692	0.000126403	0.036656346	0.040848647	0.02497465	0.044091248	0.033584987	0.049432954	0.000118067
443	PHE	loop	0.004044606	0.005287853	0.001442787	0.004118328	0.002316513	0.004737933	0.147066783	0.004272408	0.059279413	0.004790915	0.001894608	0.066761953	0.070109323	0.056662982	0.084090627	0.063417567	0.09496636	0.001949051
444	ASP	helix8	0.000371335	0.001911998	0.00015033	0.001820324	0.001082748	0.001540019	0.247599655	0.000820364	0.034175137	0.002190019	0.000431393	0.037797985	0.04961023	0.047793155	0.058841717	0.045125976	0.080467036	0.00026933
445	GLN	helix8	0.001877946	0.000699771	0.000336059	0.000510637	0.000884663	0.000806476	0.101559037	0.000640919	0.04120762	0.001715167	0.000486878	0.037595148	0.023382245	0.036787352	0.05105429	0.022437526	0.059940158	0.000831906
446	ARG	helix8	0.000847243	0.000630739	0.0000311	0.001064398	0.000588167	0.000371165	0.114726411	0.000125543	0.036448231	0.002579556	0.000513248	0.036933315	0.035244616	0.040221605	0.058225585	0.033698016	0.091109983	0.000776757
447	GLU	helix8	0.000986556	0.002244114	0.000400574	0.002947733	0.002006775	0.002792104	0.322329601	0.001947132	0.059251724	0.003075921	0.00098226	0.068176443	0.066790912	0.063440615	0.103377717	0.061894477	0.137714625	0.000873082
448	PHE	helix8	0.005454031	0.00408181	0.001607298	0.002998534	0.00139905	0.004770279	0.171823488	0.002750993	0.068852869	0.004067504	0.001581852	0.074540698	0.073499783	0.070782838	0.096464654	0.065888226	0.111055922	0.002656586
449	VAL	helix8	0.00335955	0.001681406	0.00086531	0.004826877	0.001668197	0.000426399	0.048221422	0.000620591	0.051171373	0.005247183	0.001049023	0.047392104	0.042244105	0.051730542	0.074190375	0.042401434	0.09396241	0.003227339
450	CYS	helix8	0.000180054	0.000230328	0.0000876	0.001853871	0.000721666	0.000593166	0.151024425	0.000540724	0.052050883	0.002652602	0.000279005	0.056726763	0.052466908	0.053715051	0.087326263	0.051200016	0.109939378	0.00036883
451	LEU	helix8	0.005786382	0.007528886	0.000972689	0.001776798	0.000845473	0.00282686	0.15572466	0.002255502	0.055451508	0.002114668	0.001013699	0.088639583	0.084860838	0.074109887	0.120225217	0.077248993	0.143810001	0.001380666
452	LYS	helix8	0.016890919	0.005738945	0.002073843	0.006648615	0.00272575	0.012226842	0.061576794	0.002898455	0.091116399	0.008237742	0.00307652	0.0782011	0.07627172	0.078707839	0.106749702	0.069689511	0.135430024	0.009450106
453	PHE	helix8	0.002185819	0.004573007	0.001607285	0.009553695	0.001998735	0.017794186	0.027009985	0.001734129	0.062983691	0.005814078	0.003615652	0.056199689	0.056368388	0.06191106	0.088239867	0.050941879	0.093355094	0.008434031
454	LEU	helix8	0.0000793	0.000173741	0.000062	0.001830434	0.000501978	0.00118363	0.15727464	0.000242061	0.042117465	0.000810808	0.00020175	0.052004049	0.050968278	0.047262378	0.087705589	0.037576938	0.094411944	0.00071387
455	VAL	helix8	0.022822085	0.030779077	0.021618736	0.005314001	0.003040525	0.030214502	0.026602351	0.007720586	0.068324323	0.032001737	0.022771584	0.078055137	0.075210855	0.072394279	0.096507206	0.06681699	0.105472991	0.019370799
456	LEU	helix8	0.004916963	0.008786462	0.00486678	0.009492674	0.002172803	0.02179997	0.01440739	0.001804786	0.069942695	0.009344805	0.005085412	0.065456464	0.06592975	0.076484996	0.095183328	0.069132433	0.094511416	0.011814117
457	PHE	helix8	0.001716885	0.002207995	0.001847325	0.007847671	0.0003979	0.009500253	0.01954632	0.001092899	0.063990119	0.002900784	0.001629305	0.047798807	0.046007181	0.044561697	0.08438365	0.031272276	0.072528773	0.003326244
458	SER	loop	0.003665236	0.010626073	0.006740727	0.000435815	0.0000488	0.000442199	0.001034112	0.007044556	0.008259007	0.000647113	0.003486138	0.021093986	0.016801271	0.002892221	0.028139417	0.019818057	0.022949113	0.000626911
459	LEU	loop	0.000166574	0.000505977	0.0000271	0.000355992	0.0000327	0.000838175	0.008465373	0.000248184	0.010172637	0.000377504	0.0000501	0.004864064	0.003364932	0.00316611	0.012202645	0.003936706	0.008839635	0.000135204
460	ASP	loop	0	0.007973643	0	0	0	0	0	0	0.001899869	0.008915126	0.003220638	0.014755253	0.012392463	0.004684264	0.007472715	0.008171393	0.010534914	0
461	VAL	loop	0.001410763	0.004766571	0.001693992	0.00197371	0.0000978	0.002706748	0.000456891	0.001366495	0.016907229	0.001895532	0.000897232	0.022235055	0.017432543	0.009885984	0.035286074	0.023572952	0.019756586	0.001172196
462	LYS	loop	0.0000233	0	0.0000663	0.0000606	0	0.00020885	0.001565241	0.0000391	0.001899869	0	0.00000764	0.004763673	0	0	0.007801111	0	0.003699117	0.0000873
463	ASN	loop	0.0000243	0.000217537	0.0000624	0.000200496	0	0.00020885	9.90E-05	0.000046	0.003785081	0.0000732	0.0000149	0.004763673	0.004079087	0	0.007801111	0.004634923	0.003699117	0.0000674
464	LEU	loop	0.000955877	0.002509885	0.000713215	0.002742447	0	0.003255575	0.001536282	0.000617142	0.023447187	0.002027259	0.000412887	0.02276943	0.008549084	0.005912428	0.039820054	0.024338985	0.014458808	0.001319041
465	GLU	loop	0.0000701	0.000144803	0.0000736	0.00031505	0	0.000316847	0.000241394	0.0000357	0.005075109	0.000123745	0.0000227	0.005780815	0.005282451	0.00334316	0.010558664	0.006327563	0.010858661	0.000112244
466	ASN	helix9	0.000209755	0.000467437	-2.73E-18	0.001559293	0	0.001149792	0.000122091	0.000121576	0.017086398	0.000454585	0.000130678	0.012413114	0.010456213	0.012001323	0.023592764	0.012583813	0.017819573	0.00022109
467	PHE	helix9	0.000164208	0.000468653	0.000107348	0.000496856	0	0.00069616	0.000274586	0.00000597	0.013868693	0.000327349	0.0000657	0.009769821	0.005774394	0.005182085	0.01902085	0.009116291	0.013572052	0.000214376
468	GLN	helix9	0	0.000011	0	0	0.00000325	0	8.49E-06	0.00000597	0.007944231	0.0000291	0	0.0057731	0.005320947	0.005340683	0.011684461	0.004626561	0.011026982	1.59E-17
469	LEU	helix9	0.0000293	0.001024372	2.00E-18	0.002842702	0	0.002518924	0.000704888	0.00034226	0.029707467	0.000673756	0.000233016	0.013032115	0.012145152	0.013736993	0.025698665	0.011542134	0.023377125	0.000309142
470	VAL	helix9	0.00090821	0.002404974	0.000371288	0.004010913	0.0000837	0.002251551	0.004017278	0.001348404	0.034610478	0.00215741	0.000311647	0.029161484	0.018630569	0.01585502	0.053133753	0.026791929	0.042455526	0.001531765
471	GLU	helix9	0.0000536	0.0000728	0.00000191	0.00017516	0.0000186	0.000246123	4.90E-05	0.0000399	0.011628859	0.000180455	0.0000177	0.01005554	0.008821781	0.009878252	0.021007988	0.00816434	0.013047728	1.29E-17
472	GLY	helix9	0.0000335	0	4.68E-18	0	0.0000171	0	0	0	0.015588973	0	0	0.012366411	0.011231888	0.010785095	0.023276452	0.01033515	0.025547494	0
473	VAL	helix9	0.000443566	0.000352446	0.000410773	0.003299803	0.00012718	0.002629915	0.025473236	0.000420112	0.032066189	0.001158495	0.00057588	0.024388242	0.023470555	0.02306604	0.047516726	0.018836168	0.04618611	0.00068536
474	GLN	helix9	0.0000437	0.000461005	0.0000132	0.001854651	0.000103504	0.002031357	0.047309305	0.000268772	0.033933092	0.00071091	0.000302811	0.02966961	0.027524433	0.025924033	0.055843542	0.022652342	0.054391785	0.000615501
475	GLU	helix9	0.0000094	0	-2.88E-18	0.000175717	0.0000069	0	0.015216568	0.00000597	0.016836403	0	0	0.015342374	0.013810994	0.013172931	0.029867811	0.012540866	0.031698957	0
476	GLN	helix9	0.000239646	0.00015034	0.0000469	0.000192095	0.0000977	0.001475724	0.005327921	0.000204828	0.021627228	0.000253047	0.000139998	0.020978726	0.019729537	0.019261841	0.03643391	0.016948948	0.044019913	0.0000735
477	VAL	helix9	0.000506573	0.000114789	0.000378166	0.003650669	0.000330553	0.001282328	0.117624245	0.000502893	0.036307958	0.001685138	0.000853008	0.035374799	0.035093451	0.031613575	0.060170131	0.028628317	0.072727754	0.000334165
478	ASN	helix9	0.0000137	0.000150531	0.0000066	0.000856677	0.0000395	0.001141447	0.087852344	0.000211347	0.028520298	0.000510584	0.000103161	0.030718624	0.033243954	0.029760769	0.06217533	0.020283391	0.063161565	0.000124767
479	ALA	helix9	0.000000893	0	0.000000978	0	0	0	0.000922829	0	0.01784913	0	0	0.017561486	0.016868751	0.016430583	0.032267552	0.014604987	0.040690792	0
480	ALA	helix9	0.000213759	0.000073	0.000117171	0.000590556	0.000301336	0.000725851	0.039416751	0.000114259	0.028200132	0.000835341	0.000208409	0.024537475	0.024174069	0.02514993	0.042801006	0.021023122	0.058815418	0.000123008
481	LEU	helix9	0.000284211	0.000748295	0.000141308	0.002048547	0.000496626	0.001865765	0.315489561	0.000898002	0.045016261	0.002061961	0.00052699	0.066001998	0.057899609	0.053297624	0.091318465	0.052869776	0.120700778	0.000642599
482	LEU	helix9	0.0000064	0.0000262	0.00000675	0.000106719	0.0000209	0.000160889	0.051640859	0.0000409	0.020310517	0.0000994	0.0000169	0.02113597	0.020404488	0.019651069	0.036949922	0.016532739	0.049176934	0.0000312
483	ASP	helix9	1.80E-17	0	0.0000221	0.000100569	0	0.0000622	0.006827225	0	0.013226355	-6.74E-18	0	0.013371558	0.013303362	0.012941268	0.025149017	0.010508862	0.032632778	-7.26E-18
484	TYR	helix9	0.000370716	0.00111781	0.000112346	0.00204654	0.001111376	0.001080432	0.273726413	0.000576025	0.038668746	0.002567351	0.000548993	0.04189607	0.04321001	0.043582094	0.069271896	0.03867631	0.100932189	0.000461406
485	THR	helix9	0.0000397	0.000982042	0.000123374	0.000965482	0.000961357	0.001518265	0.13593334	0.000985147	0.03210511	0.000888215	0.000520985	0.027184448	0.025464763	0.033358251	0.03782333	0.026991056	0.066893116	0.0000947
486	MET	helix9	1.44E-17	0.00000398	0.0000032	0.0000182	0.00000365	0.0000258	0	0.00000613	0.013162673	0.000016	0.00000258	0.015866206	0.014816737	0.014200178	0.026515807	0.013165798	0.037981024	0
487	CYS	helix9	-1.02E-17	-2.61E-17	0.000000365	1.61E-17	4.56E-17	0.0000047	-1.08E-18	0	0.00905067	-4.14E-18	2.04E-17	0.009568391	0.009693145	0.009444072	0.016996234	0.006288044	0.0241771	-6.07E-18
488	ASN	helix9	0.0000528	0.000177797	0.000017	0.000348517	0.000200134	0.000178014	0.048877446	0.0000863	0.010368647	0.000437368	0.000115556	0.010168812	0.010022036	0.010977268	0.016832059	0.009439608	0.02607234	0.000068
489	TYR	helix9	0.000148311	0.00058371	0.0000593	0.00081896	0.001304372	0.000648107	0.250170541	0.000478864	0.0280825	0.001558258	0.000219332	0.028138896	0.029590319	0.030380765	0.054909026	0.026334646	0.089507919	0.000308377
490	PRO	loop	-2.15E-17	-1.46E-17	0	-1.97E-17	-1.59E-17	0	-2.78E-18	0	0	0	-2.20E-17	0	0.001185012	0.001153407	0.002163282	0.000779202	0	0
491	GLN	loop	0	0	0	0	0	0.0000818	0	0	0	0	0	0	0	0	0	0.001288387	0	0
492	GLN	loop	0.0000917	0.000562877	0.0000451	0.000515348	0.000811073	0.000593227	0.121826486	0.00032857	0.016990386	0.000496616	0.000152891	0.022424089	0.022391119	0.010547915	0.027394021	0.015592202	0.038153275	0.000146815
493	THR	loop	0	0	0	0	0	0	0	0	0	0	0	0.006924947	0.006066885	0	0.010112871	0.005451366	0.012745463	0
494	GLU	helix10	0.000146489	0.000138478	0.0000997	0	0.000129509	0	0.002598036	0.0000174	0.010022205	0.0000896	0	0.015279821	0.013983464	0.008205925	0.017607807	0.010397092	0.017931288	0.000039
495	LYS	helix10	0.000508163	0.001803949	0.000251766	0.001800992	0.001779173	0.001856584	0.255462714	0.001175273	0.030838095	0.001347478	0.000608976	0.046334292	0.045701055	0.034079147	0.064087369	0.039380339	0.085500509	0.000492541
496	PHE	helix10	0.0000449	0.000168948	0.0000455	0.000608495	0.0001161	0.000977177	0.162213419	0.000267113	0.0275471	0.00059951	0.000108372	0.035103449	0.031723602	0.026095069	0.054355639	0.029743188	0.072467195	0.000211327
497	GLY	helix10	0	0	0.000137631	0	0	0	0	0	0.014764622	0	0	0.021046304	0.017902239	0.009464012	0.025098034	0.014248519	0.025526735	0
498	GLN	helix10	0.001049149	0.000912639	0.000687304	0.0000692	0.000741792	0.001810712	0.014999674	0.000116157	0.025110557	0.000554857	0.000375528	0.032410209	0.030273676	0.013581665	0.037854798	0.020743885	0.040295882	0.000264327
499	LEU	helix10	0.001770862	0.003919882	0.000805285	0.003620902	0.001720454	0.004807018	0.220418986	0.003732321	0.041318375	0.003438718	0.001904712	0.070437304	0.06620587	0.044144248	0.075386223	0.061870713	0.097569443	0.001430512
500	LEU	helix10	0.0000173	0.00018838	0.0000361	0.000561227	0.000107909	0.002923632	0.125198612	0.000633136	0.019783789	0.001040795	0.0000631	0.044063513	0.032823209	0.022270075	0.059785484	0.022278003	0.078365327	0.000635041
501	LEU	helix10	0.000450109	0.001238385	0.000949153	0.0000307	-3.15E-17	0.000298128	0.002828974	0.000886667	0.019124417	7.22E-18	0.0000587	0.022923877	0.020457236	0.01118378	0.026109666	0.018153845	0.030400621	0.0000248
502	ARG	helix11	0.005046225	0.004554279	0.003445506	0.002484412	0.001908384	0.008593434	0.061361627	0.003325658	0.070683202	0.010478813	0.002228551	0.0814582	0.07310574	0.035831327	0.0835716	0.06910021	0.074751768	0.001139846
503	LEU	helix11	0.003186567	0.005812623	0.003134794	0.000904951	0.000766092	0.010231082	0.058821102	0.00125119	0.045008442	0.005335503	0.010051169	0.072000773	0.062645677	0.03568548	0.084975489	0.058831179	0.100164051	0.003257908
504	PRO	helix11	0.003223665	0.008161548	0.00640809	0.000180355	9.56E-18	0.0000478	0.00133331	0.005919938	0.029678489	1.38E-17	0.00000895	0.034071987	0.026302119	0.013754051	0.026583387	0.025770378	0.040581736	0.000168567
505	GLU	helix11	0.000847343	0.00280392	0.000499611	0.002022416	0.001284048	0.004129579	0.020258247	0.005149319	0.057833143	0.001692054	0.000404436	0.06324239	0.061134239	0.028677735	0.061243651	0.055992851	0.054864672	0.001011259
506	ILE	helix11	0.033779835	0.002877647	0.019988593	0.002882342	0.002235609	0.030642573	0.030063517	0.053891112	0.126230255	0.027460207	0.021988228	0.135236418	0.104869827	0.09107048	0.113418652	0.103430661	0.120334703	0.010366113
507	ARG	helix11	0.022637676	0.052550119	0.043243475	0.001028357	0.005532304	-8.19E-18	0.004868845	0.038638517	0.060478321	0.053360848	0.02110453	0.075045674	0.062494244	0.038354645	0.073952014	0.065941925	0.08099805	0.001118642
508	ALA	helix11	0.003109614	0.001186141	0.002030676	0.00036464	0.000993275	0.001887449	0.003767961	0	0.048494816	0	0	0.04032429	0.034995296	0.023958155	0.04064555	0.039594613	0.049152294	0
509	ILE	helix11	0.035423855	0.024725167	0.024573132	0.021203319	0.000981795	0.037485197	0.017738868	0.057032774	0.11233876	0.035405819	0.021945797	0.093909532	0.0643758	0.03912127	0.068150159	0.084272725	0.073097782	0.007501754
510	SER	helix11	0.04778953	0.173621566	0.162132266	0.020709826	0.020884646	0.047646346	0.01064347	0.171340789	0.100597228	0.183528077	0.162076319	0.103930092	0.088173519	0.060884435	0.093272472	0.091995278	0.101720995	0.000918737
511	MET	helix11	0.003666483	0.007973643	0.006270459	0.000175125	0.004702331	-6.58E-18	0.001495948	0.025944642	0.062234456	6.19E-19	0.003220638	0.055647626	0.046555558	0.037132173	0.0513596	0.06323854	0.071461219	0.00199425
512	GLN	helix11	0.018604468	0.005013318	0.014004319	0.002141218	0.005689221	0.011766381	0.002839888	0.019401408	0.08256024	0.011030444	0.022081514	0.052662284	0.04298025	0.038601144	0.046621522	0.0559374	0.053969159	0.00000308
513	ALA	helix11	0.100175689	0.132591799	0.138447752	0.003526793	0.003646229	0.035497871	0.007328723	0.140128787	0.115559499	0.12799676	0.148612775	0.049337564	0.046636292	0.042318233	0.048555768	0.059752269	0.05686827	0.000138512
514	GLU	helix11	0.147590222	0.12953141	0.155102381	0.038469755	0.021401421	0.046247076	0.001217986	0.134584037	0.091987463	0.065030648	0.159746415	0.088690448	0.084793921	0.064386655	0.083513274	0.101657067	0.094209617	0.007434378
515	GLU	helix11	0.000511938	0.014519618	0	0.000435383	0.002583691	0.001887449	0	0	0.048888716	-1.15E-17	0.023148743	0.039796216	0.034800111	0.028243282	0.036431746	0.042978245	0.045725465	0
516	TYR	helix11	0.0241094	0.145821489	0.170769208	0.051745277	0.175267762	0.173647866	0.014501897	0.136889027	0.128104559	0.151812752	0.179779802	0.072116225	0.058861238	0.058024151	0.055555135	0.064709346	0.064455028	0.04250298
517	LEU	helix11	0.133617552	0.15563058	0.189595791	0.120422654	0.166058315	0.077203707	0.000123674	0.102862921	0.1163903	0.198420581	0.152606872	0.054637695	0.052441509	0.075575623	0.049948202	0.102604818	0.058740097	0.017614997
518	TYR	helix11	0.025346711	0.093436181	0.034257712	0.00255663	0.014798705	0.01802648	6.41E-05	0.025772786	0.050342687	0.022177518	0.12607737	0.035127376	0.039026488	0.036148936	0.032308056	0.047710321	0.047292434	0.002858492
519	TYR	helix11	0.00336631	0.002255039	0.024762148	0.010292195	0	-1.86E-17	0.000515131	-4.45E-18	0.04011841	0.000593733	0.003532593	0.02988584	0.026741804	0.02125379	0.025446415	0.03000915	0.033049769	0.00626554
520	LYS	helix11	0.011266375	0.059363622	0.0680933	0.040748104	0.105861166	0.084695488	0.003938141	0.049981592	0.060212376	0.094415902	0.0513459	0.045427607	0.041179945	0.037234861	0.037224807	0.057937335	0.044068236	0.029753665
521	HIS	helix11	0.011514808	0.03269175	0.030056379	0.011712205	0.028002949	0.037242172	0.000315145	0.015745496	0.056302226	0.032391275	0.040287073	0.032885156	0.036459704	0.038238649	0.034244395	0.039302731	0.041618426	0.005624766
522	LEU	helix11	0.003539071	0.014177451	0.004967491	0.000435383	0.002583691	0.002891633	1.11E-05	0	0.025532902	0.00367696	0.019239925	0.014756543	0.014451449	0.013644953	0.010469584	0.018626756	0.018089572	0.000421382
523	ASN	helix11	0.001573084	0.000342166	0.009873773	0.00869194	0	-1.35E-17	0.000771334	3.68E-18	0.018598526	0	0	0.013620663	0.013074694	0.011558116	0.012088971	0.016810324	0.016181294	0.004386111
524	GLY	loop	0	0	0	0	0	0	0	0	0.011901774	0	0	0.01334413	0.012760898	0.011813333	0.012335428	0.016014384	0.015443311	0
525	ASP	loop	0.005903567	0.024304899	0.036721187	0.023802041	0.046352158	0.027822504	0.001431424	0.020797044	0.027741111	0.030757524	0.028111136	0.023659109	0.025641236	0.012997432	0.009096606	0.012049797	0.014585593	0.02083016
526	VAL	loop	0.01808858	0.08523225	0.072407876	0.056018515	0.067127541	0.103695382	0.001449732	0.057965154	0.039853006	0.112625074	0.035913156	0.037644876	0.037376983	0.03165404	0.034800986	0.015368418	0.03869357	0.025638646
527	PRO	loop	0.004855189	0.04411482	0	0.029734897	0.007583084	0.03139668	9.93E-05	0.020283282	0.006397291	0.035178164	0.000909919	0	0	0.001940361	0.014941151	0.016402353	0	0
528	TYR	loop	0	0.004361303	0	0	0	0.006128127	0	0.004292768	0	0.001451004	0	0	0	0.0110824	0.00435863	0.001984471	0	0
529	ASN	loop	0.000428988	0.004361303	0.014589486	0.032594864	0.002126263	0	0	0	0.002669708	0.001451004	0	0	0	0.07053358	0	0.004461689	0	0
530	ASN	helix12	0.016877718	0.019535512	0.019362481	0.001323309	0.025505392	0.01884775	0	0.005921466	0.051826797	0.057543466	0.010678942	0.040177325	0.049417135	0.020701809	0.034884732	0.042338745	0.051252588	0.005103781
531	LEU	helix12	0.031155203	0.013688113	0.036958428	0.033219186	0.03380741	0.035442276	0.001099665	0.004892005	0.061007953	0.041646411	0.028931101	0.060512011	0.071197547	0.080848016	0.077154735	0.071317682	0.077593985	0.014573413
532	LEU	helix12	0.173260514	0.082443599	0.17162338	0.102863397	0.209847586	0.086748403	0.004501356	0.063015933	0.163334751	0.210413986	0.22557861	0.065692567	0.076479023	0.14065045	0.081081123	0.107865872	0.082128113	0.020117829
533	ILE	helix12	0.029734782	0.028743068	0.076452037	0.007770655	0.059061177	0.038202828	0.000305688	0.016551456	0.046296106	0.049061545	0.066474584	0.030114259	0.043684393	0.048918066	0.042113906	0.026780773	0.047663995	0.007328243
534	GLU	helix12	0.005775731	0.002964203	0.011278996	0	0.0092905	0.005685306	0.000190469	0.000732707	0.021628281	0	0.004415005	0.019536365	0.036983076	0.046905248	0.034408468	0.036005168	0.03586957	0.000553463
535	MET	helix12	0.068565179	0.043854979	0.064183938	0.073984127	0.049955812	0.068190331	0.000528259	0.031433983	0.087258407	0.099545968	0.062016995	0.058308079	0.06399697	0.073682618	0.08375607	0.071657782	0.07025073	0.021250839
536	LEU	helix12	0.157179823	0.117057621	0.177067744	0.074778153	0.032186633	0.057249729	3.25E-05	0.021745604	0.050975223	0.084542561	0.160583298	0.045737736	0.060572324	0.059631171	0.049591471	0.073958463	0.057806188	0.011013908
537	HIS	helix12	0.009298605	0.004960452	0.024162617	0.00242992	0.019406146	0.014993788	1.11E-05	0.00483732	0.035495415	0.016733584	0.035532193	0	0.028439937	0.037965588	0.028530589	0.031929322	0.033110671	0.002330839
538	ALA	loop	0.004578305	0.006654294	0	0.05752669	0.005044569	0.017946584	0	0.008807794	0.024218753	0.007721638	0.006555486	0	0.019217531	0.026295006	0.035023634	0.013219162	0.022869388	0.001962067